41.447
40.699
38.891
38.331
38.331
38.019
37.333
37.209
36.461
36.087
35.900
35.713
35.962
36.087
35.962
35.526
35.526
35.152
34.903
35.090
35.464
35.838
35.277
35.464
35.277
35.588
36.585
38.829
40.450
42.943
48.677
53.102
58.649
63.323
69.120
72.236
75.913
79.154
79.466
81.834
83.330
87.070
88.503
89.126
92.991
95.047
93.801
96.356
95.421
93.988
91.308
88.067
88.815
89.251
92.430
95.858
104.085
109.694
113.122
114.244
115.740
115.677
116.612
113.994
111.439
110.255
101.031
96.107
97.229
92.741
86.633
79.777
74.293
69.182
65.567
63.136
60.456
62.077
61.578
60.020
59.085
58.711
57.839
56.405
54.660
53.974
51.855
51.045
50.983
49.113
46.807
43.628
41.509
40.263
38.580
38.829
38.642
38.580
38.331
38.144
37.333
37.146
37.084
36.710
36.336
36.336
35.900
35.962
36.274
36.211
35.651
35.962
36.336
36.336
36.274
36.585
36.398
36.897
36.149
36.772
36.211
35.713
35.152
36.461
35.588
34.404
34.030
33.220
34.466
34.529
34.342
35.962
37.146
37.957
37.645
37.770
38.019
37.333
38.019
38.393
38.081
38.144
39.141
38.642
39.390
38.144
37.333
37.022
38.081
39.328
39.452
39.951
40.450
41.447
41.447
41.758
41.509
41.260
41.509
41.821
41.447
41.509
41.509
40.076
39.951
41.135
40.512
42.195
39.764
38.954
38.829
39.141
39.951
38.455
37.209
37.271
36.835
36.398
36.211
35.713
35.962
36.398
36.149
37.396
36.523
36.461
36.523
36.523
35.464
35.464
34.342
34.030
34.279
35.090
34.217
34.155
33.905
33.344
32.846
33.282
32.846
32.846
32.534
31.599
32.223
31.350
31.288
31.101
31.849
31.724
31.163
31.350
30.851
30.976
30.664
31.101
30.914
31.101
30.914
30.914
29.480
26.302
26.676
26.489
26.738
26.302
26.551
26.738
27.548
27.610
28.171
27.984
27.673
28.296
29.169
30.166
30.353
30.602
29.917
29.979
30.914
30.540
30.914
31.350
31.350
30.914
31.599
31.599
31.724
31.475
32.534
31.973
30.976
30.976
31.225
32.223
32.223
32.784
33.095
32.659
32.659
32.784
33.469
32.659
32.721
32.597
33.095
36.398
39.265
39.328
39.390
39.078
39.826
39.515
39.452
39.328
39.265
38.580
39.141
39.639
39.078
38.954
38.206
38.081
38.144
37.770
37.022
36.523
36.648
35.838
35.775
35.775
35.464
35.277
35.027
34.653
34.217
34.342
34.342
33.718
33.220
33.531
32.846
32.659
32.784
32.908
33.095
32.472
32.472
32.347
32.659
32.410
32.472
33.531
34.529
35.962
37.957
39.764
48.988
53.289
58.088
63.323
69.681
74.230
79.154
81.772
84.265
84.826
86.259
88.628
89.251
90.871
94.362
94.362
93.988
94.611
94.362
93.551
90.124
89.874
90.809
91.245
93.988
99.597
109.445
114.244
116.861
115.927
117.173
115.303
113.496
112.499
113.247
111.626
108.385
105.705
101.654
95.297
86.384
80.401
74.916
72.423
68.683
68.434
67.188
64.196
65.505
63.697
61.080
59.833
59.272
58.836
57.278
56.280
54.598
53.413
52.292
51.232
49.362
47.679
45.623
44.625
43.691
41.385
41.385
39.951
40.325
39.826
39.141
39.203
38.144
38.331
38.019
37.832
37.645
37.770
36.959
36.585
36.648
36.087
36.398
36.274
36.461
36.211
36.211
35.838
36.336
36.336
36.461
36.523
37.832
38.144
41.945
44.376
50.609
56.156
60.643
66.814
72.111
78.344
85.885
88.939
89.812
93.053
93.925
95.359
97.291
101.529
104.272
106.328
106.328
107.637
106.266
104.147
102.713
103.212
104.832
106.017
109.632
113.683
122.533
130.012
134.687
138.115
138.364
139.423
137.367
135.435
132.692
129.638
125.462
120.414
117.298
108.323
101.031
92.866
86.322
80.089
76.412
75.477
74.043
72.797
71.363
69.556
66.876
65.505
64.196
62.388
61.641
61.017
58.836
58.088
57.091
54.598
51.731
49.674
47.804
47.368
46.558
44.688
44.501
44.314
43.317
42.943
42.693
43.005
42.132
42.070
40.761
40.574
40.637
40.512
40.138
39.639
39.265
39.390
39.390
39.452
39.141
38.891
38.829
38.954
38.580
38.954
39.452
39.951
40.450
41.509
42.631
43.504
54.348
63.884
71.052
80.962
87.630
98.912
112.374
121.411
125.961
134.624
138.426
141.418
142.851
144.036
149.957
149.396
148.024
145.718
143.475
139.548
135.746
134.749
136.183
138.426
143.475
149.894
161.425
168.093
169.589
168.841
169.402
167.159
161.674
155.504
144.285
140.545
132.381
124.528
118.108
110.878
100.968
92.866
88.067
85.324
81.585
76.786
73.358
69.307
67.998
67.873
65.629
66.066
63.510
62.762
61.703
60.643
59.023
58.026
56.841
55.907
54.224
52.229
50.297
48.677
47.119
46.869
46.807
45.934
45.685
44.999
44.937
43.628
42.257
41.758
42.070
41.945
41.135
41.011
41.073
40.574
40.824
40.387
40.200
39.826
39.702
39.951
40.013
40.076
39.951
39.951
39.951
40.512
41.509
43.254
44.812
45.249
52.603
60.643
68.559
77.970
88.316
96.668
103.711
108.572
112.187
115.989
118.108
121.100
119.853
122.284
124.403
126.896
127.395
124.839
123.281
121.972
116.238
115.054
115.615
116.986
119.604
122.782
133.814
142.851
145.033
146.591
148.024
148.772
147.464
143.911
139.735
139.174
133.066
128.890
123.717
117.547
108.946
98.912
92.243
85.823
81.896
81.336
78.967
76.225
74.916
73.358
68.746
68.060
66.377
65.505
64.196
62.575
60.581
59.646
59.771
57.465
55.782
53.850
51.481
49.300
48.053
48.864
48.864
47.430
46.184
45.685
45.685
45.249
45.062
44.189
44.189
43.815
42.880
42.444
42.382
41.883
41.696
41.758
41.322
40.948
41.011
40.824
40.824
41.073
41.135
40.761
40.824
40.948
42.756
43.815
45.997
47.306
54.348
60.207
67.188
75.851
84.203
91.308
97.727
100.657
100.906
104.770
106.141
107.762
107.949
106.328
106.640
107.201
104.396
103.648
102.900
99.472
93.614
89.376
88.067
87.070
87.506
90.248
92.679
94.985
97.229
97.478
98.475
97.229
96.107
93.302
90.809
87.693
86.509
83.205
79.341
74.916
70.491
65.692
63.448
60.020
57.340
58.088
58.400
57.465
56.592
55.034
53.164
52.354
52.728
51.793
51.793
49.923
48.552
47.617
46.433
45.747
44.065
42.818
41.260
38.455
37.707
38.268
38.081
37.645
36.710
35.588
35.401
35.464
35.464
35.152
35.526
35.277
34.778
34.716
34.217
34.342
34.342
34.342
33.968
33.781
33.843
33.531
33.531
33.843
33.656
33.157
33.033
32.036
32.347
33.656
34.778
33.095
31.911
31.350
31.350
32.098
32.846
31.911
34.404
37.022
36.087
34.716
34.653
34.965
35.464
35.900
35.339
34.716
34.778
35.651
36.087
34.217
33.843
34.030
32.908
32.534
32.908
34.404
34.155
34.217
34.279
34.092
34.591
34.653
34.653
35.090
34.653
35.027
34.404
34.653
34.653
34.840
36.211
34.903
35.277
35.651
37.894
40.574
40.761
40.886
41.073
39.826
40.200
40.013
39.328
38.518
38.580
38.580
38.268
38.705
38.829
38.081
37.520
37.146
36.959
36.024
35.838
36.336
36.087
36.336
36.585
36.585
35.962
35.339
35.214
34.778
34.529
33.656
33.531
33.282
33.095
33.407
32.971
32.721
32.721
32.721
32.534
32.472
32.659
32.534
32.659
32.285
31.973
32.036
32.285
32.721
32.472
31.662
30.789
29.231
28.608
27.984
28.047
28.171
27.860
27.860
28.732
29.231
28.982
29.356
30.041
30.228
30.166
30.228
30.976
30.540
30.540
31.101
31.599
31.849
32.223
32.908
31.599
32.347
31.724
31.599
32.410
32.036
31.786
32.347
32.410
32.098
33.157
32.721
33.095
32.472
32.347
32.347
32.597
33.282
32.721
34.342
37.770
39.328
38.954
39.889
40.574
39.764
39.141
38.891
38.767
38.580
38.705
38.891
38.019
37.957
37.583
37.957
37.583
37.583
37.022
37.146
37.458
37.146
35.401
35.464
35.775
35.277
35.214
35.277
35.090
34.653
34.155
33.781
33.843
33.781
33.344
33.531
32.908
33.095
33.095
33.220
32.597
32.597
32.472
32.908
32.846
32.659
33.282
33.843
35.027
36.211
38.081
40.824
49.425
53.164
57.652
61.454
67.125
71.675
77.035
80.214
81.149
82.894
85.200
86.820
87.007
88.254
90.871
91.557
90.124
90.622
89.251
88.441
85.823
84.327
84.140
84.950
87.132
89.376
96.917
101.529
104.521
105.892
107.014
110.006
109.320
107.637
107.824
107.450
105.269
102.526
98.226
92.617
86.446
79.653
73.233
68.995
64.819
67.001
66.315
63.573
61.827
61.329
60.830
58.711
56.841
55.221
54.161
54.598
53.164
52.479
51.668
51.045
48.677
46.994
45.373
44.002
43.130
42.444
40.325
40.450
38.829
38.829
38.268
39.141
38.580
37.957
36.710
36.274
36.211
36.336
36.274
36.024
35.962
35.713
35.526
35.401
35.339
35.526
35.464
35.775
35.588
35.526
35.526
35.588
36.648
37.707
40.824
43.691
51.855
56.467
62.264
66.377
71.114
74.168
78.282
82.083
84.265
86.072
89.189
91.370
92.866
91.869
93.053
92.804
90.871
90.871
90.248
89.874
87.693
85.761
84.016
84.701
84.888
88.191
93.551
96.605
101.529
99.472
101.405
102.651
102.402
98.787
97.977
96.543
95.920
93.551
89.064
85.200
78.967
74.168
72.049
68.995
69.057
67.998
65.318
63.074
63.448
61.204
60.082
58.026
56.405
55.408
54.161
53.663
50.671
50.110
49.238
48.427
46.308
45.623
43.317
42.382
40.263
39.203
40.013
38.891
38.767
38.331
37.520
36.959
37.458
36.336
36.523
36.523
35.962
35.651
35.277
35.339
35.027
35.027
35.152
35.152
34.591
34.404
34.591
35.027
34.903
35.027
35.277
35.027
36.336
39.515
41.821
43.940
51.107
55.096
62.264
68.621
74.355
81.398
87.132
89.625
93.053
94.424
97.042
100.283
102.090
104.396
105.393
107.388
106.204
105.580
104.646
104.209
100.158
97.727
97.852
100.594
102.589
105.019
111.439
115.553
116.612
115.615
115.615
114.555
112.125
111.314
110.130
108.634
105.767
102.339
98.600
91.619
85.324
81.585
77.347
73.233
69.182
67.437
65.941
64.009
63.510
62.887
61.890
60.893
59.023
57.901
56.841
56.031
55.096
55.346
53.912
51.668
50.671
47.929
45.747
44.065
42.257
42.132
41.821
40.512
40.637
39.639
39.639
38.829
37.583
37.333
37.396
36.772
36.772
36.897
36.398
36.648
36.523
35.962
35.651
36.274
35.962
35.588
35.713
35.651
35.838
35.900
35.900
35.962
36.336
37.770
39.452
42.569
45.249
48.178
54.535
60.145
65.006
69.556
74.791
78.095
79.341
82.208
84.763
85.324
85.511
86.758
87.568
89.999
90.061
89.937
89.126
87.070
83.205
80.463
79.403
79.216
82.831
86.883
94.923
99.410
102.713
105.082
104.708
106.204
105.580
103.960
101.779
100.345
99.846
96.481
96.481
91.183
85.885
79.092
73.794
68.122
64.757
63.323
63.760
61.890
61.204
60.768
60.269
58.587
58.213
56.966
56.717
55.533
54.348
53.164
53.476
52.167
49.549
47.492
45.872
43.067
42.569
42.880
43.878
42.070
41.385
41.073
41.073
39.951
39.515
39.515
39.265
39.577
39.265
38.144
38.268
38.518
38.393
38.580
37.645
37.583
37.583
37.520
37.333
37.458
38.081
37.520
37.458
37.770
38.642
39.702
43.192
46.246
53.102
59.334
63.822
69.182
77.347
86.135
95.608
101.716
107.637
111.003
111.377
113.434
118.669
121.661
126.834
125.649
125.649
126.584
125.338
122.284
118.856
117.111
118.108
119.417
123.904
130.262
137.678
142.540
144.534
146.653
146.092
145.656
142.789
141.044
139.237
137.242
132.131
126.647
120.352
111.127
99.846
88.129
80.775
76.786
72.111
73.046
71.613
70.865
71.301
69.494
67.686
66.627
65.816
64.258
62.887
61.952
59.272
57.215
55.720
54.722
51.918
50.173
48.490
46.869
45.872
45.311
44.688
44.189
44.875
45.062
45.062
44.252
44.314
44.439
44.688
44.065
43.815
43.566
43.441
43.566
43.628
43.005
43.005
43.441
43.317
42.818
43.441
42.693
42.506
42.070
42.631
42.569
42.818
44.002
43.192
41.135
39.577
41.322
41.758
41.945
43.130
44.625
46.682
48.053
48.365
49.113
50.484
51.357
50.920
50.609
50.733
50.796
51.419
50.671
49.487
49.238
48.365
47.991
47.679
48.739
48.926
49.362
49.612
51.357
51.793
52.167
51.294
50.983
50.796
51.606
50.422
49.612
49.487
49.362
48.552
48.988
47.929
47.617
46.308
45.872
45.373
47.929
49.799
51.232
49.799
49.612
49.986
49.612
48.116
47.929
48.427
47.119
46.433
46.121
45.810
45.124
45.186
44.688
44.750
44.127
43.753
43.441
43.254
43.379
43.691
43.878
43.067
43.192
42.943
43.130
42.631
43.130
43.379
42.569
42.319
42.506
42.693
42.631
42.631
42.008
41.883
41.883
41.945
41.509
41.758
41.260
41.447
41.073
40.699
40.761
41.696
40.013
36.211
35.838
36.087
36.211
36.523
36.523
37.271
37.832
39.016
39.764
39.141
39.328
39.702
40.013
40.325
40.637
40.948
40.574
40.637
40.948
40.886
40.824
40.761
41.011
41.011
40.886
41.322
42.319
42.506
43.441
43.192
43.691
44.189
44.252
44.314
44.002
44.501
44.002
44.625
44.189
43.753
43.192
42.444
42.319
42.569
45.997
47.306
47.306
47.056
48.490
48.677
47.929
48.490
48.053
47.991
47.617
48.303
47.617
48.303
47.555
47.492
47.119
46.184
46.308
46.121
46.807
46.807
45.997
45.997
46.184
45.311
44.563
44.252
43.067
43.254
42.132
41.634
41.883
41.821
41.447
41.322
40.886
41.260
41.260
41.821
41.572
41.572
42.257
42.319
42.756
43.005
42.569
42.943
44.065
46.371
50.484
62.825
73.919
85.823
95.982
108.447
121.785
131.757
137.429
143.101
147.651
151.390
152.637
149.583
148.585
149.146
149.520
148.710
146.217
140.358
136.930
128.205
124.528
123.842
126.460
129.077
133.129
144.410
151.826
154.382
154.382
151.577
150.580
148.274
144.597
146.529
144.659
140.234
133.565
127.893
120.165
110.566
102.339
94.175
89.251
86.758
85.324
82.395
80.214
78.282
77.596
74.854
71.052
70.428
69.743
67.437
65.255
61.765
63.448
61.578
58.587
56.841
54.785
52.479
49.674
50.048
49.051
47.804
47.679
47.742
46.059
45.623
45.186
45.062
44.999
44.625
44.999
44.812
44.002
43.566
43.441
42.880
43.192
43.192
43.254
42.569
42.444
42.569
42.693
42.693
42.257
42.880
43.441
44.688
44.812
48.490
51.980
62.451
72.548
84.826
94.923
107.139
118.669
128.516
134.188
138.426
144.597
148.835
151.764
153.883
155.130
156.002
151.141
149.583
148.461
144.784
143.724
139.922
138.489
141.792
141.293
143.038
146.529
159.929
165.850
169.714
170.150
169.589
159.368
148.585
145.344
143.350
142.166
141.854
137.367
131.072
125.712
115.989
115.927
108.198
102.277
96.356
93.240
90.435
86.197
83.579
80.650
79.341
77.721
74.480
73.171
71.239
69.307
67.001
65.006
62.575
60.768
58.587
55.782
53.850
52.541
50.733
50.484
51.170
50.796
49.425
49.300
48.864
47.991
47.368
46.932
46.932
46.558
46.246
45.997
45.436
45.498
45.249
44.750
44.376
44.189
43.379
43.566
43.441
43.691
43.691
43.691
44.563
45.311
45.560
45.623
48.677
51.855
59.833
68.060
75.602
83.891
90.934
99.472
106.578
110.130
113.247
116.799
117.672
119.168
120.289
121.972
124.278
124.777
120.850
119.604
117.173
111.626
105.206
103.960
101.654
103.461
105.206
108.136
116.363
121.474
123.655
123.281
123.032
121.785
118.482
114.431
115.366
112.748
110.130
107.014
102.028
95.671
88.067
82.083
74.978
72.049
69.494
68.995
68.060
64.321
62.762
62.326
61.329
59.521
58.088
58.400
56.530
54.785
52.603
52.292
50.609
48.365
46.495
44.875
43.317
42.195
40.263
40.138
40.138
40.574
39.764
39.639
39.452
38.580
38.580
38.705
38.580
38.580
38.518
38.518
38.518
38.455
38.081
37.894
37.770
37.520
38.019
38.019
38.331
38.518
38.829
38.829
38.642
38.580
38.206
38.019
37.520
34.030
32.410
32.784
33.344
33.905
33.905
34.155
34.591
35.214
35.651
33.843
33.220
33.843
33.656
33.968
35.090
34.965
34.778
34.591
34.716
34.840
34.030
34.030
34.279
34.279
34.279
33.843
34.217
35.090
35.090
35.713
36.461
36.024
35.713
35.588
35.900
35.152
36.024
35.339
34.840
34.591
34.529
34.217
33.531
34.030
37.022
37.957
38.455
38.144
38.331
37.770
37.707
37.707
37.832
37.146
36.461
36.585
36.585
36.274
35.962
36.024
36.087
35.588
35.464
35.090
34.965
34.653
34.529
34.155
34.653
34.342
33.095
33.220
33.220
32.597
32.971
32.098
32.347
32.160
32.098
31.475
30.976
31.163
30.976
30.664
30.602
30.789
30.477
30.976
30.477
30.540
30.477
30.477
30.477
30.789
31.599
32.160
32.908
32.597
31.475
33.220
35.464
36.959
37.271
37.770
38.455
38.767
39.328
39.702
41.447
41.509
40.761
40.263
39.639
39.078
38.393
37.396
35.651
36.336
34.965
34.030
35.588
36.772
36.523
37.770
38.019
39.016
38.455
37.707
38.206
38.767
38.019
38.019
36.897
36.398
36.211
34.716
33.594
32.721
32.597
34.653
37.084
37.957
37.458
36.461
36.585
35.775
35.962
36.087
35.339
36.523
35.775
35.214
34.840
34.342
34.903
34.404
34.030
34.092
33.656
33.407
32.846
32.160
32.597
32.160
32.285
31.973
31.350
31.724
31.537
31.724
31.412
31.724
31.412
30.976
31.350
31.225
31.163
31.101
30.851
30.602
30.540
30.540
30.602
30.415
30.727
30.477
30.166
30.602
30.228
29.792
30.104
28.982
28.171
28.234
25.865
25.367
25.865
26.239
26.115
26.364
26.613
26.800
27.735
28.857
30.166
30.540
31.662
31.724
31.724
31.350
31.911
31.911
31.475
31.225
31.412
31.101
31.849
31.911
32.721
32.846
33.531
33.905
33.033
34.217
34.155
33.968
33.531
34.840
34.342
34.591
33.781
33.594
34.030
33.843
33.594
32.784
35.588
38.019
37.770
37.583
37.583
37.770
36.959
36.336
36.274
36.336
36.087
35.838
35.713
35.838
36.024
34.903
34.903
34.778
34.778
34.965
34.466
34.030
34.529
34.591
34.404
33.905
33.905
33.843
33.843
33.656
33.781
34.092
34.030
33.905
33.718
33.531
33.656
34.030
33.968
33.469
33.282
32.721
32.846
33.033
33.157
33.531
33.531
33.718
33.344
33.531
33.469
31.038
29.854
28.358
27.984
28.109
28.109
28.171
28.919
29.605
29.356
29.917
29.543
29.917
30.228
30.353
29.979
30.415
30.540
30.104
29.106
29.480
28.919
28.795
28.795
28.545
28.296
28.234
28.047
27.299
28.047
27.735
28.421
29.044
28.545
28.608
28.732
28.234
28.857
28.608
28.296
28.296
28.670
29.169
31.599
34.342
35.401
35.526
35.962
36.897
37.770
37.146
36.648
34.342
35.214
34.716
35.339
35.775
34.903
35.339
34.840
35.027
34.778
35.277
35.588
35.214
35.027
35.027
34.466
33.968
33.843
33.656
32.659
32.721
32.347
32.534
31.911
31.662
31.537
30.976
31.973
31.849
32.036
31.475
31.662
31.288
31.350
31.101
31.101
30.851
31.225
31.475
31.225
31.599
32.597
33.843
39.203
42.444
50.297
57.215
60.456
65.692
70.491
75.228
79.653
82.644
83.829
86.197
87.381
91.370
91.557
92.118
93.240
92.492
91.744
92.180
90.684
88.503
84.577
84.016
81.772
82.457
84.639
87.630
91.308
95.110
95.733
95.671
95.671
95.047
93.302
92.305
90.248
89.189
88.441
87.755
84.452
78.967
74.480
71.675
68.808
67.624
66.564
63.822
62.264
58.836
58.337
58.462
55.595
53.787
51.731
51.606
50.235
50.173
48.864
49.986
49.799
47.243
46.059
45.124
42.880
41.322
40.325
39.826
39.016
37.458
37.333
36.959
36.149
35.962
35.838
34.778
35.339
34.404
33.905
34.279
33.656
33.843
33.781
33.843
33.968
33.407
33.469
33.220
33.282
33.344
33.718
33.843
33.469
33.968
34.778
35.838
39.016
42.382
51.170
55.283
59.023
62.949
65.692
68.933
73.233
75.041
75.415
77.721
79.964
80.401
81.647
82.956
82.831
81.772
82.457
81.523
78.219
77.347
76.412
74.667
73.732
73.669
75.726
77.596
80.837
80.650
78.344
79.466
79.715
80.525
79.964
79.528
80.650
78.843
75.851
74.729
73.420
71.488
68.933
65.255
62.139
62.638
64.508
63.697
59.210
59.210
57.215
56.904
55.844
54.348
55.720
53.912
53.164
53.040
51.544
50.983
49.487
48.490
47.742
45.997
43.878
42.880
41.634
41.260
41.260
40.387
40.699
39.515
38.580
37.084
36.336
36.336
35.464
35.401
34.965
34.591
34.155
34.155
33.968
33.718
33.843
33.531
33.407
33.905
33.531
33.718
33.781
33.718
33.594
35.152
36.336
37.209
39.203
42.631
49.300
53.600
59.708
63.573
67.001
70.491
74.916
75.851
77.284
77.471
79.279
81.896
83.642
85.698
85.200
86.010
85.013
83.205
81.523
79.216
77.970
78.344
76.910
75.477
75.352
78.406
81.896
82.582
82.208
83.330
83.704
84.763
84.016
84.763
83.455
82.520
80.463
80.650
77.347
73.482
70.615
67.624
65.879
64.258
61.641
63.012
62.326
60.830
60.519
61.017
58.774
57.714
58.337
58.026
56.592
56.779
56.467
54.847
54.411
52.853
51.232
48.739
47.306
45.623
43.940
44.439
43.815
43.441
41.821
40.325
40.076
39.016
38.268
37.957
36.710
36.648
36.336
36.336
36.274
36.087
35.900
35.900
35.588
35.464
35.401
35.277
35.401
35.651
35.526
35.464
35.651
35.401
36.959
38.081
41.073
44.376
50.359
54.161
61.952
66.066
69.120
72.361
76.723
79.528
81.086
83.143
83.018
83.579
86.509
85.449
84.639
84.016
84.950
85.823
82.894
82.395
80.712
79.653
78.095
78.344
77.596
78.406
80.899
82.769
83.517
82.520
81.896
80.899
80.899
79.715
79.154
79.466
78.219
80.089
75.228
73.295
72.361
69.618
67.499
64.819
64.694
67.624
64.819
63.323
63.136
63.573
63.136
61.204
59.147
57.153
57.402
56.779
56.156
54.473
54.473
54.411
51.668
50.422
48.490
46.932
46.620
45.124
44.439
43.815
42.693
42.008
40.948
40.450
39.951
40.076
39.078
39.203
38.331
37.832
37.707
37.520
37.271
36.835
36.835
37.084
36.897
36.710
36.835
37.022
37.209
37.209
37.084
37.458
38.705
38.767
41.758
44.002
49.425
53.850
60.145
65.318
70.055
75.228
79.092
82.707
84.950
87.444
87.630
91.370
95.297
95.920
95.795
94.985
95.172
95.110
92.741
89.251
84.390
82.270
80.338
79.902
80.463
81.772
84.265
85.948
85.200
83.953
82.146
82.270
81.772
81.211
79.590
78.718
78.157
76.848
73.856
72.485
69.868
65.692
65.006
62.451
63.012
62.700
59.334
59.023
59.459
59.210
56.592
56.156
53.600
53.476
53.725
52.541
50.858
49.612
48.864
47.492
46.121
43.753
43.005
41.198
40.699
41.385
41.011
40.512
39.702
39.016
38.518
37.333
37.458
36.523
36.648
35.838
36.087
35.339
35.090
34.466
35.090
34.653
34.591
34.155
34.404
34.030
33.968
33.718
34.155
33.469
33.968
33.594
34.840
35.027
36.024
35.277
34.092
32.846
33.033
32.971
33.344
34.965
35.277
35.962
36.274
38.206
38.268
38.081
38.331
38.268
38.206
38.144
37.022
38.081
38.455
37.520
34.716
33.781
33.531
35.526
35.962
34.903
35.277
37.146
36.585
36.274
35.713
35.214
35.277
35.713
36.710
36.398
35.152
35.588
34.466
34.279
34.217
33.905
35.775
36.149
39.951
42.631
43.254
42.756
42.631
42.257
42.444
41.260
41.758
42.319
41.135
41.945
41.696
41.509
40.325
40.387
40.886
39.889
38.705
38.642
38.518
37.957
38.144
