12.434
12.210
11.667
11.499
11.499
11.406
11.200
11.163
10.938
10.826
10.770
10.714
10.789
10.826
10.789
10.658
10.658
10.546
10.471
10.527
10.639
10.751
10.583
10.639
10.583
10.676
10.976
11.649
12.135
12.883
14.603
15.931
17.595
18.997
20.736
21.671
22.774
23.746
23.840
24.550
24.999
26.121
26.551
26.738
27.897
28.514
28.140
28.907
28.626
28.196
27.392
26.420
26.644
26.775
27.729
28.757
31.225
32.908
33.937
34.273
34.722
34.703
34.984
34.198
33.432
33.076
30.309
28.832
29.169
27.822
25.990
23.933
22.288
20.755
19.670
18.941
18.137
18.623
18.473
18.006
17.726
17.613
17.352
16.922
16.398
16.192
15.557
15.314
15.295
14.734
14.042
13.088
12.453
12.079
11.574
11.649
11.593
11.574
11.499
11.443
11.200
11.144
11.125
11.013
10.901
10.901
10.770
10.789
10.882
10.863
10.695
10.789
10.901
10.901
10.882
10.976
10.920
11.069
10.845
11.032
10.863
10.714
10.546
10.938
10.676
10.321
10.209
9.966
10.340
10.359
10.303
10.789
11.144
11.387
11.293
11.331
11.406
11.200
11.406
11.518
11.424
11.443
11.742
11.593
11.817
11.443
11.200
11.107
11.424
11.798
11.836
11.985
12.135
12.434
12.434
12.528
12.453
12.378
12.453
12.546
12.434
12.453
12.453
12.023
11.985
12.341
12.154
12.658
11.929
11.686
11.649
11.742
11.985
11.537
11.163
11.181
11.050
10.920
10.863
10.714
10.789
10.920
10.845
11.219
10.957
10.938
10.957
10.957
10.639
10.639
10.303
10.209
10.284
10.527
10.265
10.246
10.172
10.003
9.854
9.985
9.854
9.854
9.760
9.480
9.667
9.405
9.386
9.330
9.555
9.517
9.349
9.405
9.255
9.293
9.199
9.330
9.274
9.330
9.274
9.274
8.844
7.890
8.003
7.947
8.021
7.890
7.965
8.021
8.264
8.283
8.451
8.395
8.302
8.489
8.751
9.050
9.106
9.181
8.975
8.994
9.274
9.162
9.274
9.405
9.405
9.274
9.480
9.480
9.517
9.442
9.760
9.592
9.293
9.293
9.368
9.667
9.667
9.835
9.929
9.798
9.798
9.835
10.041
9.798
9.816
9.779
9.929
10.920
11.780
11.798
11.817
11.724
11.948
11.854
11.836
11.798
11.780
11.574
11.742
11.892
11.724
11.686
11.462
11.424
11.443
11.331
11.107
10.957
10.994
10.751
10.733
10.733
10.639
10.583
10.508
10.396
10.265
10.303
10.303
10.116
9.966
10.059
9.854
9.798
9.835
9.872
9.929
9.742
9.742
9.704
9.798
9.723
9.742
10.059
10.359
10.789
11.387
11.929
14.696
15.987
17.426
18.997
20.904
22.269
23.746
24.532
25.279
25.448
25.878
26.588
26.775
27.261
28.309
28.309
28.196
28.383
28.309
28.065
27.037
26.962
27.243
27.374
28.196
29.879
32.833
34.273
35.058
34.778
35.152
34.591
34.049
33.750
33.974
33.488
32.516
31.712
30.496
28.589
25.915
24.120
22.475
21.727
20.605
20.530
20.156
19.259
19.651
19.109
18.324
17.950
17.782
17.651
17.183
16.884
16.379
16.024
15.687
15.370
14.809
14.304
13.687
13.388
13.107
12.415
12.415
11.985
12.097
11.948
11.742
11.761
11.443
11.499
11.406
11.350
11.293
11.331
11.088
10.976
10.994
10.826
10.920
10.882
10.938
10.863
10.863
10.751
10.901
10.901
10.938
10.957
11.350
11.443
12.584
13.313
15.183
16.847
18.193
20.044
21.633
23.503
25.766
26.682
26.944
27.916
28.178
28.608
29.187
30.459
31.281
31.898
31.898
32.291
31.880
31.244
30.814
30.964
31.450
31.805
32.889
34.105
36.760
39.004
40.406
41.434
41.509
41.827
41.210
40.630
39.808
38.891
37.639
36.124
35.189
32.497
30.309
27.860
25.896
24.027
22.924
22.643
22.213
21.839
21.409
20.867
20.063
19.651
19.259
18.717
18.492
18.305
17.651
17.426
17.127
16.379
15.519
14.902
14.341
14.210
13.967
13.406
13.350
13.294
12.995
12.883
12.808
12.902
12.640
12.621
12.228
12.172
12.191
12.154
12.041
11.892
11.780
11.817
11.817
11.836
11.742
11.667
11.649
11.686
11.574
11.686
11.836
11.985
12.135
12.453
12.789
13.051
16.305
19.165
21.316
24.288
26.289
29.673
33.712
36.423
37.788
40.387
41.528
42.425
42.855
43.211
44.987
44.819
44.407
43.716
43.042
41.864
40.724
40.425
40.855
41.528
43.042
44.968
48.427
50.428
50.877
50.652
50.821
50.148
48.502
46.651
43.285
42.164
39.714
37.358
35.432
33.263
30.290
27.860
26.420
25.597
24.475
23.036
22.007
20.792
20.399
20.362
19.689
19.820
19.053
18.829
18.511
18.193
17.707
17.408
17.052
16.772
16.267
15.669
15.089
14.603
14.136
14.061
14.042
13.780
13.706
13.500
13.481
13.088
12.677
12.528
12.621
12.584
12.341
12.303
12.322
12.172
12.247
12.116
12.060
11.948
11.911
11.985
12.004
12.023
11.985
11.985
11.985
12.154
12.453
12.976
13.444
13.575
15.781
18.193
20.568
23.391
26.495
29.000
31.113
32.572
33.656
34.797
35.432
36.330
35.956
36.685
37.321
38.069
38.218
37.452
36.984
36.592
34.871
34.516
34.684
35.096
35.881
36.835
40.144
42.855
43.510
43.977
44.407
44.632
44.239
43.173
41.921
41.752
39.920
38.667
37.115
35.264
32.684
29.673
27.673
25.747
24.569
24.401
23.690
22.867
22.475
22.007
20.624
20.418
19.913
19.651
19.259
18.773
18.174
17.894
17.931
17.239
16.735
16.155
15.444
14.790
14.416
14.659
14.659
14.229
13.855
13.706
13.706
13.575
13.519
13.257
13.257
13.145
12.864
12.733
12.715
12.565
12.509
12.528
12.397
12.284
12.303
12.247
12.247
12.322
12.341
12.228
12.247
12.284
12.827
13.145
13.799
14.192
16.305
18.062
20.156
22.755
25.261
27.392
29.318
30.197
30.272
31.431
31.842
32.329
32.385
31.898
31.992
32.160
31.319
31.094
30.870
29.842
28.084
26.813
26.420
26.121
26.252
27.074
27.804
28.495
29.169
29.243
29.543
29.169
28.832
27.991
27.243
26.308
25.953
24.962
23.802
22.475
21.147
19.708
19.034
18.006
17.202
17.426
17.520
17.239
16.978
16.510
15.949
15.706
15.818
15.538
15.538
14.977
14.566
14.285
13.930
13.724
13.219
12.845
12.378
11.537
11.312
11.480
11.424
11.293
11.013
10.676
10.620
10.639
10.639
10.546
10.658
10.583
10.433
10.415
10.265
10.303
10.303
10.303
10.190
10.134
10.153
10.059
10.059
10.153
10.097
9.947
9.910
9.611
9.704
10.097
10.433
9.929
9.573
9.405
9.405
9.629
9.854
9.573
10.321
11.107
10.826
10.415
10.396
10.489
10.639
10.770
10.602
10.415
10.433
10.695
10.826
10.265
10.153
10.209
9.872
9.760
9.872
10.321
10.246
10.265
10.284
10.228
10.377
10.396
10.396
10.527
10.396
10.508
10.321
10.396
10.396
10.452
10.863
10.471
10.583
10.695
11.368
12.172
12.228
12.266
12.322
11.948
12.060
12.004
11.798
11.555
11.574
11.574
11.480
11.611
11.649
11.424
11.256
11.144
11.088
10.807
10.751
10.901
10.826
10.901
10.976
10.976
10.789
10.602
10.564
10.433
10.359
10.097
10.059
9.985
9.929
10.022
9.891
9.816
9.816
9.816
9.760
9.742
9.798
9.760
9.798
9.685
9.592
9.611
9.685
9.816
9.742
9.498
9.237
8.769
8.582
8.395
8.414
8.451
8.358
8.358
8.620
8.769
8.694
8.807
9.012
9.068
9.050
9.068
9.293
9.162
9.162
9.330
9.480
9.555
9.667
9.872
9.480
9.704
9.517
9.480
9.723
9.611
9.536
9.704
9.723
9.629
9.947
9.816
9.929
9.742
9.704
9.704
9.779
9.985
9.816
10.303
11.331
11.798
11.686
11.967
12.172
11.929
11.742
11.667
11.630
11.574
11.611
11.667
11.406
11.387
11.275
11.387
11.275
11.275
11.107
11.144
11.237
11.144
10.620
10.639
10.733
10.583
10.564
10.583
10.527
10.396
10.246
10.134
10.153
10.134
10.003
10.059
9.872
9.929
9.929
9.966
9.779
9.779
9.742
9.872
9.854
9.798
9.985
10.153
10.508
10.863
11.424
12.247
14.827
15.949
17.295
18.436
20.138
21.503
23.111
24.064
24.345
24.868
25.560
26.046
26.102
26.476
27.261
27.467
27.037
27.187
26.775
26.532
25.747
25.298
25.242
25.485
26.140
26.813
29.075
30.459
31.356
31.768
32.104
33.002
32.796
32.291
32.347
32.235
31.581
30.758
29.468
27.785
25.934
23.896
21.970
20.698
19.446
20.100
19.894
19.072
18.548
18.399
18.249
17.613
17.052
16.566
16.248
16.379
15.949
15.744
15.501
15.314
14.603
14.098
13.612
13.201
12.939
12.733
12.097
12.135
11.649
11.649
11.480
11.742
11.574
11.387
11.013
10.882
10.863
10.901
10.882
10.807
10.789
10.714
10.658
10.620
10.602
10.658
10.639
10.733
10.676
10.658
10.658
10.676
10.994
11.312
12.247
13.107
15.557
16.940
18.679
19.913
21.334
22.250
23.484
24.625
25.279
25.822
26.757
27.411
27.860
27.561
27.916
27.841
27.261
27.261
27.074
26.962
26.308
25.728
25.205
25.410
25.466
26.457
28.065
28.982
30.459
29.842
30.421
30.795
30.721
29.636
29.393
28.963
28.776
28.065
26.719
25.560
23.690
22.250
21.615
20.698
20.717
20.399
19.595
18.922
19.034
18.361
18.025
17.408
16.922
16.622
16.248
16.099
15.201
15.033
14.771
14.528
13.892
13.687
12.995
12.715
12.079
11.761
12.004
11.667
11.630
11.499
11.256
11.088
11.237
10.901
10.957
10.957
10.789
10.695
10.583
10.602
10.508
10.508
10.546
10.546
10.377
10.321
10.377
10.508
10.471
10.508
10.583
10.508
10.901
11.854
12.546
13.182
15.332
16.529
18.679
20.586
22.307
24.419
26.140
26.887
27.916
28.327
29.113
30.085
30.627
31.319
31.618
32.216
31.861
31.674
31.394
31.263
30.047
29.318
29.356
30.178
30.777
31.506
33.432
34.666
34.984
34.684
34.684
34.367
33.637
33.394
33.039
32.590
31.730
30.702
29.580
27.486
25.597
24.475
23.204
21.970
20.755
20.231
19.782
19.203
19.053
18.866
18.567
18.268
17.707
17.370
17.052
16.809
16.529
16.604
16.174
15.501
15.201
14.379
13.724
13.219
12.677
12.640
12.546
12.154
12.191
11.892
11.892
11.649
11.275
11.200
11.219
11.032
11.032
11.069
10.920
10.994
10.957
10.789
10.695
10.882
10.789
10.676
10.714
10.695
10.751
10.770
10.770
10.789
10.901
11.331
11.836
12.771
13.575
14.453
16.361
18.043
19.502
20.867
22.437
23.428
23.802
24.662
25.429
25.597
25.653
26.027
26.270
27.000
27.018
26.981
26.738
26.121
24.962
24.139
23.821
23.765
24.849
26.065
28.477
29.823
30.814
31.525
31.412
31.861
31.674
31.188
30.534
30.104
29.954
28.944
28.944
27.355
25.766
23.728
22.138
20.437
19.427
18.997
19.128
18.567
18.361
18.230
18.081
17.576
17.464
17.090
17.015
16.660
16.305
15.949
16.043
15.650
14.865
14.248
13.762
12.920
12.771
12.864
13.163
12.621
12.415
12.322
12.322
11.985
11.854
11.854
11.780
11.873
11.780
11.443
11.480
11.555
11.518
11.574
11.293
11.275
11.275
11.256
11.200
11.237
11.424
11.256
11.237
11.331
11.593
11.911
12.958
13.874
15.931
17.800
19.147
20.755
23.204
25.840
28.682
30.515
32.291
33.301
33.413
34.030
35.601
36.498
38.050
37.695
37.695
37.975
37.601
36.685
35.657
35.133
35.432
35.825
37.171
39.078
41.304
42.762
43.360
43.996
43.828
43.697
42.837
42.313
41.771
41.173
39.639
37.994
36.106
33.338
29.954
26.439
24.232
23.036
21.633
21.914
21.484
21.259
21.390
20.848
20.306
19.988
19.745
19.277
18.866
18.586
17.782
17.165
16.716
16.417
15.575
15.052
14.547
14.061
13.762
13.593
13.406
13.257
13.462
13.519
13.519
13.275
13.294
13.332
13.406
13.219
13.145
13.070
13.032
13.070
13.088
12.902
12.902
13.032
12.995
12.845
13.032
12.808
12.752
12.621
12.789
12.771
12.845
13.201
12.958
12.341
11.873
12.397
12.528
12.584
12.939
13.388
14.005
14.416
14.510
14.734
15.145
15.407
15.276
15.183
15.220
15.239
15.426
15.201
14.846
14.771
14.510
14.397
14.304
14.622
14.678
14.809
14.883
15.407
15.538
15.650
15.388
15.295
15.239
15.482
15.127
14.883
14.846
14.809
14.566
14.696
14.379
14.285
13.892
13.762
13.612
14.379
14.940
15.370
14.940
14.883
14.996
14.883
14.435
14.379
14.528
14.136
13.930
13.836
13.743
13.537
13.556
13.406
13.425
13.238
13.126
13.032
12.976
13.014
13.107
13.163
12.920
12.958
12.883
12.939
12.789
12.939
13.014
12.771
12.696
12.752
12.808
12.789
12.789
12.602
12.565
12.565
12.584
12.453
12.528
12.378
12.434
12.322
12.210
12.228
12.509
12.004
10.863
10.751
10.826
10.863
10.957
10.957
11.181
11.350
11.705
11.929
11.742
11.798
11.911
12.004
12.097
12.191
12.284
12.172
12.191
12.284
12.266
12.247
12.228
12.303
12.303
12.266
12.397
12.696
12.752
13.032
12.958
13.107
13.257
13.275
13.294
13.201
13.350
13.201
13.388
13.257
13.126
12.958
12.733
12.696
12.771
13.799
14.192
14.192
14.117
14.547
14.603
14.379
14.547
14.416
14.397
14.285
14.491
14.285
14.491
14.266
14.248
14.136
13.855
13.892
13.836
14.042
14.042
13.799
13.799
13.855
13.593
13.369
13.275
12.920
12.976
12.640
12.490
12.565
12.546
12.434
12.397
12.266
12.378
12.378
12.546
12.471
12.471
12.677
12.696
12.827
12.902
12.771
12.883
13.219
13.911
15.145
18.847
22.176
25.747
28.795
32.534
36.536
39.527
41.229
42.930
44.295
45.417
45.791
44.875
44.576
44.744
44.856
44.613
43.865
42.108
41.079
38.461
37.358
37.153
37.938
38.723
39.939
43.323
45.548
46.315
46.315
45.473
45.174
44.482
43.379
43.959
43.398
42.070
40.069
38.368
36.049
33.170
30.702
28.252
26.775
26.027
25.597
24.719
24.064
23.484
23.279
22.456
21.316
21.129
20.923
20.231
19.577
18.530
19.034
18.473
17.576
17.052
16.435
15.744
14.902
15.014
14.715
14.341
14.304
14.323
13.818
13.687
13.556
13.519
13.500
13.388
13.500
13.444
13.201
13.070
13.032
12.864
12.958
12.958
12.976
12.771
12.733
12.771
12.808
12.808
12.677
12.864
13.032
13.406
13.444
14.547
15.594
18.735
21.764
25.448
28.477
32.142
35.601
38.555
40.256
41.528
43.379
44.650
45.529
46.165
46.539
46.801
45.342
44.875
44.538
43.435
43.117
41.977
41.547
42.538
42.388
42.912
43.959
47.979
49.755
50.914
51.045
50.877
47.810
44.576
43.603
43.005
42.650
42.556
41.210
39.322
37.714
34.797
34.778
32.459
30.683
28.907
27.972
27.131
25.859
25.074
24.195
23.802
23.316
22.344
21.951
21.372
20.792
20.100
19.502
18.773
18.230
17.576
16.735
16.155
15.762
15.220
15.145
15.351
15.239
14.827
14.790
14.659
14.397
14.210
14.079
14.079
13.967
13.874
13.799
13.631
13.649
13.575
13.425
13.313
13.257
13.014
13.070
13.032
13.107
13.107
13.107
13.369
13.593
13.668
13.687
14.603
15.557
17.950
20.418
22.680
25.167
27.280
29.842
31.973
33.039
33.974
35.040
35.302
35.750
36.087
36.592
37.283
37.433
36.255
35.881
35.152
33.488
31.562
31.188
30.496
31.038
31.562
32.441
34.909
36.442
37.096
36.984
36.910
36.536
35.545
34.329
34.610
33.824
33.039
32.104
30.608
28.701
26.420
24.625
22.493
21.615
20.848
20.698
20.418
19.296
18.829
18.698
18.399
17.856
17.426
17.520
16.959
16.435
15.781
15.687
15.183
14.510
13.949
13.462
12.995
12.658
12.079
12.041
12.041
12.172
11.929
11.892
11.836
11.574
11.574
11.611
11.574
11.574
11.555
11.555
11.555
11.537
11.424
11.368
11.331
11.256
11.406
11.406
11.499
11.555
11.649
11.649
11.593
11.574
11.462
11.406
11.256
10.209
9.723
9.835
10.003
10.172
10.172
10.246
10.377
10.564
10.695
10.153
9.966
10.153
10.097
10.190
10.527
10.489
10.433
10.377
10.415
10.452
10.209
10.209
10.284
10.284
10.284
10.153
10.265
10.527
10.527
10.714
10.938
10.807
10.714
10.676
10.770
10.546
10.807
10.602
10.452
10.377
10.359
10.265
10.059
10.209
11.107
11.387
11.537
11.443
11.499
11.331
11.312
11.312
11.350
11.144
10.938
10.976
10.976
10.882
10.789
10.807
10.826
10.676
10.639
10.527
10.489
10.396
10.359
10.246
10.396
10.303
9.929
9.966
9.966
9.779
9.891
9.629
9.704
9.648
9.629
9.442
9.293
9.349
9.293
9.199
9.181
9.237
9.143
9.293
9.143
9.162
9.143
9.143
9.143
9.237
9.480
9.648
9.872
9.779
9.442
9.966
10.639
11.088
11.181
11.331
11.537
11.630
11.798
11.911
12.434
12.453
12.228
12.079
11.892
11.724
11.518
11.219
10.695
10.901
10.489
10.209
10.676
11.032
10.957
11.331
11.406
11.705
11.537
11.312
11.462
11.630
11.406
11.406
11.069
10.920
10.863
10.415
10.078
9.816
9.779
10.396
11.125
11.387
11.237
10.938
10.976
10.733
10.789
10.826
10.602
10.957
10.733
10.564
10.452
10.303
10.471
10.321
10.209
10.228
10.097
10.022
9.854
9.648
9.779
9.648
9.685
9.592
9.405
9.517
9.461
9.517
9.424
9.517
9.424
9.293
9.405
9.368
9.349
9.330
9.255
9.181
9.162
9.162
9.181
9.125
9.218
9.143
9.050
9.181
9.068
8.938
9.031
8.694
8.451
8.470
7.760
7.610
7.760
7.872
7.834
7.909
7.984
8.040
8.321
8.657
9.050
9.162
9.498
9.517
9.517
9.405
9.573
9.573
9.442
9.368
9.424
9.330
9.555
9.573
9.816
9.854
10.059
10.172
9.910
10.265
10.246
10.190
10.059
10.452
10.303
10.377
10.134
10.078
10.209
10.153
10.078
9.835
10.676
11.406
11.331
11.275
11.275
11.331
11.088
10.901
10.882
10.901
10.826
10.751
10.714
10.751
10.807
10.471
10.471
10.433
10.433
10.489
10.340
10.209
10.359
10.377
10.321
10.172
10.172
10.153
10.153
10.097
10.134
10.228
10.209
10.172
10.116
10.059
10.097
10.209
10.190
10.041
9.985
9.816
9.854
9.910
9.947
10.059
10.059
10.116
10.003
10.059
10.041
9.312
8.956
8.508
8.395
8.433
8.433
8.451
8.676
8.881
8.807
8.975
8.863
8.975
9.068
9.106
8.994
9.125
9.162
9.031
8.732
8.844
8.676
8.638
8.638
8.564
8.489
8.470
8.414
8.190
8.414
8.321
8.526
8.713
8.564
8.582
8.620
8.470
8.657
8.582
8.489
8.489
8.601
8.751
9.480
10.303
10.620
10.658
10.789
11.069
11.331
11.144
10.994
10.303
10.564
10.415
10.602
10.733
10.471
10.602
10.452
10.508
10.433
10.583
10.676
10.564
10.508
10.508
10.340
10.190
10.153
10.097
9.798
9.816
9.704
9.760
9.573
9.498
9.461
9.293
9.592
9.555
9.611
9.442
9.498
9.386
9.405
9.330
9.330
9.255
9.368
9.442
9.368
9.480
9.779
10.153
11.761
12.733
15.089
17.165
18.137
19.708
21.147
22.568
23.896
24.793
25.149
25.859
26.214
27.411
27.467
27.635
27.972
27.748
27.523
27.654
27.205
26.551
25.373
25.205
24.532
24.737
25.392
26.289
27.392
28.533
28.720
28.701
28.701
28.514
27.991
27.691
27.074
26.757
26.532
26.327
25.336
23.690
22.344
21.503
20.642
20.287
19.969
19.147
18.679
17.651
17.501
17.539
16.678
16.136
15.519
15.482
15.070
15.052
14.659
14.996
14.940
14.173
13.818
13.537
12.864
12.397
12.097
11.948
11.705
11.237
11.200
11.088
10.845
10.789
10.751
10.433
10.602
10.321
10.172
10.284
10.097
10.153
10.134
10.153
10.190
10.022
10.041
9.966
9.985
10.003
10.116
10.153
10.041
10.190
10.433
10.751
11.705
12.715
15.351
16.585
17.707
18.885
19.708
20.680
21.970
22.512
22.624
23.316
23.989
24.120
24.494
24.887
24.849
24.532
24.737
24.457
23.466
23.204
22.924
22.400
22.120
22.101
22.718
23.279
24.251
24.195
23.503
23.840
23.915
24.158
23.989
23.858
24.195
23.653
22.755
22.419
22.026
21.446
20.680
19.577
18.642
18.791
19.352
19.109
17.763
17.763
17.165
17.071
16.753
16.305
16.716
16.174
15.949
15.912
15.463
15.295
14.846
14.547
14.323
13.799
13.163
12.864
12.490
12.378
12.378
12.116
12.210
11.854
11.574
11.125
10.901
10.901
10.639
10.620
10.489
10.377
10.246
10.246
10.190
10.116
10.153
10.059
10.022
10.172
10.059
10.116
10.134
10.116
10.078
10.546
10.901
11.163
11.761
12.789
14.790
16.080
17.913
19.072
20.100
21.147
22.475
22.755
23.185
23.241
23.784
24.569
25.092
25.710
25.560
25.803
25.504
24.962
24.457
23.765
23.391
23.503
23.073
22.643
22.606
23.522
24.569
24.775
24.662
24.999
25.111
25.429
25.205
25.429
25.036
24.756
24.139
24.195
23.204
22.045
21.185
20.287
19.764
19.277
18.492
18.904
18.698
18.249
18.156
18.305
17.632
17.314
17.501
17.408
16.978
17.034
16.940
16.454
16.323
15.856
15.370
14.622
14.192
13.687
13.182
13.332
13.145
13.032
12.546
12.097
12.023
11.705
11.480
11.387
11.013
10.994
10.901
10.901
10.882
10.826
10.770
10.770
10.676
10.639
10.620
10.583
10.620
10.695
10.658
10.639
10.695
10.620
11.088
11.424
12.322
13.313
15.108
16.248
18.586
19.820
20.736
21.708
23.017
23.858
24.326
24.943
24.906
25.074
25.953
25.635
25.392
25.205
25.485
25.747
24.868
24.719
24.214
23.896
23.428
23.503
23.279
23.522
24.270
24.831
25.055
24.756
24.569
24.270
24.270
23.915
23.746
23.840
23.466
24.027
22.568
21.989
21.708
20.885
20.250
19.446
19.408
20.287
19.446
18.997
18.941
19.072
18.941
18.361
17.744
17.146
17.221
17.034
16.847
16.342
16.342
16.323
15.501
15.127
14.547
14.079
13.986
13.537
13.332
13.145
12.808
12.602
12.284
12.135
11.985
12.023
11.724
11.761
11.499
11.350
11.312
11.256
11.181
11.050
11.050
11.125
11.069
11.013
11.050
11.107
11.163
11.163
11.125
11.237
11.611
11.630
12.528
13.201
14.827
16.155
18.043
19.595
21.016
22.568
23.728
24.812
25.485
26.233
26.289
27.411
28.589
28.776
28.739
28.495
28.552
28.533
27.822
26.775
25.317
24.681
24.102
23.971
24.139
24.532
25.279
25.784
25.560
25.186
24.644
24.681
24.532
24.363
23.877
23.615
23.447
23.054
22.157
21.746
20.960
19.708
19.502
18.735
18.904
18.810
17.800
17.707
17.838
17.763
16.978
16.847
16.080
16.043
16.118
15.762
15.257
14.883
14.659
14.248
13.836
13.126
12.902
12.359
12.210
12.415
12.303
12.154
11.911
11.705
11.555
11.200
11.237
10.957
10.994
10.751
10.826
10.602
10.527
10.340
10.527
10.396
10.377
10.246
10.321
10.209
10.190
10.116
10.246
10.041
10.190
10.078
10.452
10.508
10.807
10.583
10.228
9.854
9.910
9.891
10.003
10.489
10.583
10.789
10.882
11.462
11.480
11.424
11.499
11.480
11.462
11.443
11.107
11.424
11.537
11.256
10.415
10.134
10.059
10.658
10.789
10.471
10.583
11.144
10.976
10.882
10.714
10.564
10.583
10.714
11.013
10.920
10.546
10.676
10.340
10.284
10.265
10.172
10.733
10.845
11.985
12.789
12.976
12.827
12.789
12.677
12.733
12.378
12.528
12.696
12.341
12.584
12.509
12.453
12.097
12.116
12.266
11.967
11.611
11.593
11.555
11.387
11.443