82.894
81.398
77.783
76.661
76.661
76.038
74.667
74.417
72.922
72.174
71.800
71.426
71.924
72.174
71.924
71.052
71.052
70.304
69.805
70.179
70.927
71.675
70.553
70.927
70.553
71.176
73.171
77.658
80.899
85.885
97.353
106.204
117.298
126.647
138.239
144.472
151.826
158.308
158.932
163.668
166.660
174.139
177.006
178.253
185.981
190.095
187.602
192.712
190.843
187.976
182.615
176.134
177.629
178.502
184.859
191.715
208.169
219.388
226.244
228.487
231.479
231.354
233.224
227.989
222.878
220.510
202.061
192.214
194.457
185.482
173.267
159.555
148.585
138.364
131.134
126.273
120.913
124.154
123.156
120.040
118.170
117.422
115.677
112.810
109.320
107.949
103.711
102.090
101.965
98.226
93.614
87.257
83.018
80.525
77.160
77.658
77.284
77.160
76.661
76.287
74.667
74.293
74.168
73.420
72.672
72.672
71.800
71.924
72.548
72.423
71.301
71.924
72.672
72.672
72.548
73.171
72.797
73.794
72.298
73.545
72.423
71.426
70.304
72.922
71.176
68.808
68.060
66.440
68.933
69.057
68.683
71.924
74.293
75.913
75.290
75.539
76.038
74.667
76.038
76.786
76.162
76.287
78.282
77.284
78.780
76.287
74.667
74.043
76.162
78.656
78.905
79.902
80.899
82.894
82.894
83.517
83.018
82.520
83.018
83.642
82.894
83.018
83.018
80.151
79.902
82.270
81.024
84.390
79.528
77.908
77.658
78.282
79.902
76.910
74.417
74.542
73.669
72.797
72.423
71.426
71.924
72.797
72.298
74.791
73.046
72.922
73.046
73.046
70.927
70.927
68.683
68.060
68.559
70.179
68.434
68.309
67.811
66.689
65.692
66.564
65.692
65.692
65.068
63.199
64.445
62.700
62.575
62.201
63.697
63.448
62.326
62.700
61.703
61.952
61.329
62.201
61.827
62.201
61.827
61.827
58.960
52.603
53.351
52.977
53.476
52.603
53.102
53.476
55.096
55.221
56.343
55.969
55.346
56.592
58.337
60.332
60.706
61.204
59.833
59.958
61.827
61.080
61.827
62.700
62.700
61.827
63.199
63.199
63.448
62.949
65.068
63.947
61.952
61.952
62.451
64.445
64.445
65.567
66.190
65.318
65.318
65.567
66.938
65.318
65.442
65.193
66.190
72.797
78.531
78.656
78.780
78.157
79.653
79.029
78.905
78.656
78.531
77.160
78.282
79.279
78.157
77.908
76.412
76.162
76.287
75.539
74.043
73.046
73.295
71.675
71.550
71.550
70.927
70.553
70.055
69.307
68.434
68.683
68.683
67.437
66.440
67.063
65.692
65.318
65.567
65.816
66.190
64.944
64.944
64.694
65.318
64.819
64.944
67.063
69.057
71.924
75.913
79.528
97.977
106.578
116.176
126.647
139.361
148.461
158.308
163.544
168.530
169.652
172.519
177.255
178.502
181.743
188.723
188.723
187.976
189.222
188.723
187.103
180.247
179.748
181.618
182.491
187.976
199.194
218.889
228.487
233.723
231.853
234.346
230.607
226.992
224.997
226.493
223.252
216.770
211.410
203.308
190.593
172.768
160.801
149.832
144.846
137.367
136.868
134.375
128.392
131.009
127.395
122.159
119.666
118.544
117.672
114.555
112.561
109.195
106.827
104.583
102.464
98.725
95.359
91.245
89.251
87.381
82.769
82.769
79.902
80.650
79.653
78.282
78.406
76.287
76.661
76.038
75.664
75.290
75.539
73.919
73.171
73.295
72.174
72.797
72.548
72.922
72.423
72.423
71.675
72.672
72.672
72.922
73.046
75.664
76.287
83.891
88.752
101.218
112.312
121.287
133.627
144.223
156.688
171.771
177.879
179.624
186.106
187.851
190.718
194.582
203.058
208.543
212.657
212.657
215.274
212.532
208.294
205.427
206.424
209.665
212.033
219.263
227.366
245.066
260.024
269.373
276.229
276.728
278.847
274.733
270.869
265.385
259.277
250.925
240.828
234.595
216.646
202.061
185.732
172.643
160.178
152.824
150.954
148.087
145.594
142.727
139.112
133.752
131.009
128.392
124.777
123.281
122.035
117.672
116.176
114.181
109.195
103.461
99.348
95.608
94.736
93.115
89.376
89.002
88.628
86.633
85.885
85.387
86.010
84.265
84.140
81.523
81.149
81.273
81.024
80.276
79.279
78.531
78.780
78.780
78.905
78.282
77.783
77.658
77.908
77.160
77.908
78.905
79.902
80.899
83.018
85.262
87.007
108.697
127.769
142.104
161.923
175.261
197.823
224.748
242.822
251.922
269.249
276.853
282.836
285.703
288.071
299.913
298.791
296.049
291.437
286.949
279.096
271.492
269.498
272.365
276.853
286.949
299.789
322.849
336.187
339.179
337.683
338.805
334.317
323.348
311.007
288.570
281.091
264.761
249.055
236.216
221.756
201.937
185.732
176.134
170.649
163.170
153.572
146.716
138.613
135.996
135.746
131.259
132.131
127.021
125.525
123.406
121.287
118.046
116.051
113.683
111.813
108.447
104.459
100.594
97.353
94.237
93.738
93.614
91.869
91.370
89.999
89.874
87.257
84.514
83.517
84.140
83.891
82.270
82.021
82.146
81.149
81.647
80.775
80.401
79.653
79.403
79.902
80.027
80.151
79.902
79.902
79.902
81.024
83.018
86.509
89.625
90.497
105.206
121.287
137.117
155.940
176.632
193.336
207.421
217.144
224.374
231.978
236.216
242.199
239.706
244.568
248.806
253.792
254.789
249.678
246.562
243.944
232.476
230.108
231.230
233.972
239.208
245.565
267.628
285.703
290.066
293.182
296.049
297.545
294.927
287.822
279.470
278.348
266.132
257.781
247.435
235.094
217.892
197.823
184.485
171.646
163.793
162.671
157.934
152.450
149.832
146.716
137.491
136.120
132.755
131.009
128.392
125.151
121.162
119.292
119.541
114.929
111.564
107.699
102.963
98.600
96.107
97.727
97.727
94.860
92.367
91.370
91.370
90.497
90.124
88.378
88.378
87.630
85.761
84.888
84.763
83.766
83.392
83.517
82.644
81.896
82.021
81.647
81.647
82.146
82.270
81.523
81.647
81.896
85.511
87.630
91.993
94.611
108.697
120.414
134.375
151.702
168.405
182.615
195.455
201.313
201.812
209.540
212.283
215.524
215.898
212.657
213.280
214.402
208.792
207.297
205.801
198.945
187.228
178.751
176.134
174.139
175.012
180.496
185.358
189.970
194.457
194.956
196.950
194.457
192.214
186.604
181.618
175.386
173.017
166.411
158.682
149.832
140.982
131.383
126.896
120.040
114.680
116.176
116.799
114.929
113.184
110.068
106.328
104.708
105.456
103.586
103.586
99.846
97.104
95.234
92.866
91.495
88.129
85.636
82.520
76.910
75.415
76.536
76.162
75.290
73.420
71.176
70.802
70.927
70.927
70.304
71.052
70.553
69.556
69.431
68.434
68.683
68.683
68.683
67.935
67.561
67.686
67.063
67.063
67.686
67.312
66.315
66.066
64.071
64.694
67.312
69.556
66.190
63.822
62.700
62.700
64.196
65.692
63.822
68.808
74.043
72.174
69.431
69.307
69.930
70.927
71.800
70.678
69.431
69.556
71.301
72.174
68.434
67.686
68.060
65.816
65.068
65.816
68.808
68.309
68.434
68.559
68.185
69.182
69.307
69.307
70.179
69.307
70.055
68.808
69.307
69.307
69.681
72.423
69.805
70.553
71.301
75.789
81.149
81.523
81.772
82.146
79.653
80.401
80.027
78.656
77.035
77.160
77.160
76.536
77.409
77.658
76.162
75.041
74.293
73.919
72.049
71.675
72.672
72.174
72.672
73.171
73.171
71.924
70.678
70.428
69.556
69.057
67.312
67.063
66.564
66.190
66.814
65.941
65.442
65.442
65.442
65.068
64.944
65.318
65.068
65.318
64.570
63.947
64.071
64.570
65.442
64.944
63.323
61.578
58.462
57.215
55.969
56.093
56.343
55.720
55.720
57.465
58.462
57.963
58.711
60.082
60.456
60.332
60.456
61.952
61.080
61.080
62.201
63.199
63.697
64.445
65.816
63.199
64.694
63.448
63.199
64.819
64.071
63.573
64.694
64.819
64.196
66.315
65.442
66.190
64.944
64.694
64.694
65.193
66.564
65.442
68.683
75.539
78.656
77.908
79.777
81.149
79.528
78.282
77.783
77.534
77.160
77.409
77.783
76.038
75.913
75.165
75.913
75.165
75.165
74.043
74.293
74.916
74.293
70.802
70.927
71.550
70.553
70.428
70.553
70.179
69.307
68.309
67.561
67.686
67.561
66.689
67.063
65.816
66.190
66.190
66.440
65.193
65.193
64.944
65.816
65.692
65.318
66.564
67.686
70.055
72.423
76.162
81.647
98.849
106.328
115.303
122.907
134.250
143.350
154.070
160.427
162.297
165.787
170.400
173.641
174.014
176.508
181.743
183.114
180.247
181.244
178.502
176.881
171.646
168.654
168.280
169.901
174.264
178.751
193.834
203.058
209.042
211.784
214.028
220.011
218.640
215.274
215.648
214.900
210.538
205.053
196.452
185.233
172.893
159.306
146.466
137.990
129.638
134.001
132.630
127.145
123.655
122.658
121.661
117.422
113.683
110.442
108.323
109.195
106.328
104.957
103.337
102.090
97.353
93.988
90.747
88.004
86.259
84.888
80.650
80.899
77.658
77.658
76.536
78.282
77.160
75.913
73.420
72.548
72.423
72.672
72.548
72.049
71.924
71.426
71.052
70.802
70.678
71.052
70.927
71.550
71.176
71.052
71.052
71.176
73.295
75.415
81.647
87.381
103.711
112.935
124.528
132.755
142.228
148.336
156.563
164.167
168.530
172.145
178.377
182.740
185.732
183.737
186.106
185.607
181.743
181.743
180.496
179.748
175.386
171.521
168.031
169.402
169.776
176.383
187.103
193.211
203.058
198.945
202.809
205.302
204.804
197.574
195.953
193.086
191.840
187.103
178.128
170.400
157.934
148.336
144.098
137.990
138.115
135.996
130.636
126.148
126.896
122.408
120.165
116.051
112.810
110.816
108.323
107.326
101.342
100.220
98.475
96.855
92.617
91.245
86.633
84.763
80.525
78.406
80.027
77.783
77.534
76.661
75.041
73.919
74.916
72.672
73.046
73.046
71.924
71.301
70.553
70.678
70.055
70.055
70.304
70.304
69.182
68.808
69.182
70.055
69.805
70.055
70.553
70.055
72.672
79.029
83.642
87.880
102.215
110.193
124.528
137.242
148.710
162.796
174.264
179.250
186.106
188.848
194.083
200.565
204.180
208.792
210.787
214.776
212.407
211.161
209.291
208.418
200.316
195.455
195.704
201.189
205.178
210.039
222.878
231.105
233.224
231.230
231.230
229.111
224.249
222.629
220.260
217.269
211.535
204.679
197.200
183.239
170.649
163.170
154.693
146.466
138.364
134.874
131.882
128.018
127.021
125.774
123.780
121.785
118.046
115.802
113.683
112.062
110.193
110.691
107.824
103.337
101.342
95.858
91.495
88.129
84.514
84.265
83.642
81.024
81.273
79.279
79.279
77.658
75.165
74.667
74.791
73.545
73.545
73.794
72.797
73.295
73.046
71.924
71.301
72.548
71.924
71.176
71.426
71.301
71.675
71.800
71.800
71.924
72.672
75.539
78.905
85.137
90.497
96.356
109.071
120.289
130.012
139.112
149.583
156.189
158.682
164.416
169.527
170.649
171.023
173.516
175.136
179.998
180.122
179.873
178.253
174.139
166.411
160.926
158.807
158.433
165.663
173.765
189.845
198.820
205.427
210.164
209.416
212.407
211.161
207.920
203.557
200.690
199.693
192.962
192.962
182.366
171.771
158.184
147.588
136.245
129.514
126.647
127.519
123.780
122.408
121.536
120.539
117.173
116.425
113.932
113.434
111.065
108.697
106.328
106.952
104.334
99.098
94.985
91.744
86.135
85.137
85.761
87.755
84.140
82.769
82.146
82.146
79.902
79.029
79.029
78.531
79.154
78.531
76.287
76.536
77.035
76.786
77.160
75.290
75.165
75.165
75.041
74.667
74.916
76.162
75.041
74.916
75.539
77.284
79.403
86.384
92.492
106.204
118.669
127.644
138.364
154.693
172.269
191.216
203.432
215.274
222.006
222.753
226.867
237.338
243.321
253.667
251.299
251.299
253.169
250.676
244.568
237.712
234.221
236.216
238.834
247.809
260.523
275.357
285.080
289.068
293.307
292.185
291.312
285.578
282.088
278.473
274.484
264.263
253.293
240.703
222.255
199.693
176.258
161.549
153.572
144.223
146.092
143.225
141.730
142.602
138.987
135.372
133.253
131.633
128.516
125.774
123.904
118.544
114.431
111.439
109.445
103.835
100.345
96.979
93.738
91.744
90.622
89.376
88.378
89.750
90.124
90.124
88.503
88.628
88.877
89.376
88.129
87.630
87.132
86.883
87.132
87.257
86.010
86.010
86.883
86.633
85.636
86.883
85.387
85.013
84.140
85.262
85.137
85.636
88.004
86.384
82.270
79.154
82.644
83.517
83.891
86.259
89.251
93.364
96.107
96.730
98.226
100.968
102.713
101.841
101.218
101.467
101.592
102.838
101.342
98.974
98.475
96.730
95.982
95.359
97.478
97.852
98.725
99.223
102.713
103.586
104.334
102.589
101.965
101.592
103.212
100.844
99.223
98.974
98.725
97.104
97.977
95.858
95.234
92.617
91.744
90.747
95.858
99.597
102.464
99.597
99.223
99.971
99.223
96.231
95.858
96.855
94.237
92.866
92.243
91.619
90.248
90.373
89.376
89.500
88.254
87.506
86.883
86.509
86.758
87.381
87.755
86.135
86.384
85.885
86.259
85.262
86.259
86.758
85.137
84.639
85.013
85.387
85.262
85.262
84.016
83.766
83.766
83.891
83.018
83.517
82.520
82.894
82.146
81.398
81.523
83.392
80.027
72.423
71.675
72.174
72.423
73.046
73.046
74.542
75.664
78.032
79.528
78.282
78.656
79.403
80.027
80.650
81.273
81.896
81.149
81.273
81.896
81.772
81.647
81.523
82.021
82.021
81.772
82.644
84.639
85.013
86.883
86.384
87.381
88.378
88.503
88.628
88.004
89.002
88.004
89.251
88.378
87.506
86.384
84.888
84.639
85.137
91.993
94.611
94.611
94.112
96.979
97.353
95.858
96.979
96.107
95.982
95.234
96.605
95.234
96.605
95.110
94.985
94.237
92.367
92.617
92.243
93.614
93.614
91.993
91.993
92.367
90.622
89.126
88.503
86.135
86.509
84.265
83.268
83.766
83.642
82.894
82.644
81.772
82.520
82.520
83.642
83.143
83.143
84.514
84.639
85.511
86.010
85.137
85.885
88.129
92.741
100.968
125.649
147.838
171.646
191.964
216.895
243.570
263.515
274.858
286.201
295.301
302.780
305.273
299.165
297.171
298.293
299.041
297.420
292.434
280.717
273.861
256.410
249.055
247.684
252.919
258.155
266.257
288.819
303.653
308.763
308.763
303.154
301.160
296.548
289.193
293.057
289.318
280.467
267.130
255.786
240.329
221.133
204.679
188.349
178.502
173.516
170.649
164.790
160.427
156.563
155.192
149.707
142.104
140.857
139.486
134.874
130.511
123.530
126.896
123.156
117.173
113.683
109.569
104.957
99.348
100.096
98.101
95.608
95.359
95.484
92.118
91.245
90.373
90.124
89.999
89.251
89.999
89.625
88.004
87.132
86.883
85.761
86.384
86.384
86.509
85.137
84.888
85.137
85.387
85.387
84.514
85.761
86.883
89.376
89.625
96.979
103.960
124.902
145.095
169.652
189.845
214.277
237.338
257.033
268.376
276.853
289.193
297.669
303.528
307.766
310.259
312.004
302.282
299.165
296.922
289.567
287.448
279.844
276.977
283.584
282.587
286.077
293.057
319.858
331.699
339.428
340.301
339.179
318.736
297.171
290.689
286.700
284.332
283.708
274.733
262.144
251.423
231.978
231.853
216.396
204.554
192.712
186.480
180.870
172.394
167.159
161.300
158.682
155.441
148.959
146.342
142.477
138.613
134.001
130.012
125.151
121.536
117.173
111.564
107.699
105.082
101.467
100.968
102.339
101.592
98.849
98.600
97.727
95.982
94.736
93.863
93.863
93.115
92.492
91.993
90.871
90.996
90.497
89.500
88.752
88.378
86.758
87.132
86.883
87.381
87.381
87.381
89.126
90.622
91.121
91.245
97.353
103.711
119.666
136.120
151.203
167.782
181.868
198.945
213.155
220.260
226.493
233.598
235.343
238.335
240.579
243.944
248.556
249.554
241.701
239.208
234.346
223.252
210.413
207.920
203.308
206.923
210.413
216.272
232.726
242.947
247.310
246.562
246.063
243.570
236.964
228.861
230.731
225.496
220.260
214.028
204.056
191.341
176.134
164.167
149.957
144.098
138.987
137.990
136.120
128.641
125.525
124.652
122.658
119.043
116.176
116.799
113.060
109.569
105.206
104.583
101.218
96.730
92.991
89.750
86.633
84.390
80.525
80.276
80.276
81.149
79.528
79.279
78.905
77.160
77.160
77.409
77.160
77.160
77.035
77.035
77.035
76.910
76.162
75.789
75.539
75.041
76.038
76.038
76.661
77.035
77.658
77.658
77.284
77.160
76.412
76.038
75.041
68.060
64.819
65.567
66.689
67.811
67.811
68.309
69.182
70.428
71.301
67.686
66.440
67.686
67.312
67.935
70.179
69.930
69.556
69.182
69.431
69.681
68.060
68.060
68.559
68.559
68.559
67.686
68.434
70.179
70.179
71.426
72.922
72.049
71.426
71.176
71.800
70.304
72.049
70.678
69.681
69.182
69.057
68.434
67.063
68.060
74.043
75.913
76.910
76.287
76.661
75.539
75.415
75.415
75.664
74.293
72.922
73.171
73.171
72.548
71.924
72.049
72.174
71.176
70.927
70.179
69.930
69.307
69.057
68.309
69.307
68.683
66.190
66.440
66.440
65.193
65.941
64.196
64.694
64.321
64.196
62.949
61.952
62.326
61.952
61.329
61.204
61.578
60.955
61.952
60.955
61.080
60.955
60.955
60.955
61.578
63.199
64.321
65.816
65.193
62.949
66.440
70.927
73.919
74.542
75.539
76.910
77.534
78.656
79.403
82.894
83.018
81.523
80.525
79.279
78.157
76.786
74.791
71.301
72.672
69.930
68.060
71.176
73.545
73.046
75.539
76.038
78.032
76.910
75.415
76.412
77.534
76.038
76.038
73.794
72.797
72.423
69.431
67.188
65.442
65.193
69.307
74.168
75.913
74.916
72.922
73.171
71.550
71.924
72.174
70.678
73.046
71.550
70.428
69.681
68.683
69.805
68.808
68.060
68.185
67.312
66.814
65.692
64.321
65.193
64.321
64.570
63.947
62.700
63.448
63.074
63.448
62.825
63.448
62.825
61.952
62.700
62.451
62.326
62.201
61.703
61.204
61.080
61.080
61.204
60.830
61.454
60.955
60.332
61.204
60.456
59.584
60.207
57.963
56.343
56.467
51.731
50.733
51.731
52.479
52.229
52.728
53.226
53.600
55.470
57.714
60.332
61.080
63.323
63.448
63.448
62.700
63.822
63.822
62.949
62.451
62.825
62.201
63.697
63.822
65.442
65.692
67.063
67.811
66.066
68.434
68.309
67.935
67.063
69.681
68.683
69.182
67.561
67.188
68.060
67.686
67.188
65.567
71.176
76.038
75.539
75.165
75.165
75.539
73.919
72.672
72.548
72.672
72.174
71.675
71.426
71.675
72.049
69.805
69.805
69.556
69.556
69.930
68.933
68.060
69.057
69.182
68.808
67.811
67.811
67.686
67.686
67.312
67.561
68.185
68.060
67.811
67.437
67.063
67.312
68.060
67.935
66.938
66.564
65.442
65.692
66.066
66.315
67.063
67.063
67.437
66.689
67.063
66.938
62.077
59.708
56.717
55.969
56.218
56.218
56.343
57.839
59.210
58.711
59.833
59.085
59.833
60.456
60.706
59.958
60.830
61.080
60.207
58.213
58.960
57.839
57.589
57.589
57.091
56.592
56.467
56.093
54.598
56.093
55.470
56.841
58.088
57.091
57.215
57.465
56.467
57.714
57.215
56.592
56.592
57.340
58.337
63.199
68.683
70.802
71.052
71.924
73.794
75.539
74.293
73.295
68.683
70.428
69.431
70.678
71.550
69.805
70.678
69.681
70.055
69.556
70.553
71.176
70.428
70.055
70.055
68.933
67.935
67.686
67.312
65.318
65.442
64.694
65.068
63.822
63.323
63.074
61.952
63.947
63.697
64.071
62.949
63.323
62.575
62.700
62.201
62.201
61.703
62.451
62.949
62.451
63.199
65.193
67.686
78.406
84.888
100.594
114.431
120.913
131.383
140.982
150.455
159.306
165.289
167.657
172.394
174.762
182.740
183.114
184.236
186.480
184.984
183.488
184.361
181.369
177.006
169.153
168.031
163.544
164.915
169.278
175.261
182.615
190.219
191.466
191.341
191.341
190.095
186.604
184.610
180.496
178.377
176.881
175.510
168.904
157.934
148.959
143.350
137.616
135.248
133.129
127.644
124.528
117.672
116.674
116.924
111.190
107.575
103.461
103.212
100.470
100.345
97.727
99.971
99.597
94.486
92.118
90.248
85.761
82.644
80.650
79.653
78.032
74.916
74.667
73.919
72.298
71.924
71.675
69.556
70.678
68.808
67.811
68.559
67.312
67.686
67.561
67.686
67.935
66.814
66.938
66.440
66.564
66.689
67.437
67.686
66.938
67.935
69.556
71.675
78.032
84.763
102.339
110.566
118.046
125.899
131.383
137.865
146.466
150.081
150.829
155.441
159.929
160.801
163.294
165.912
165.663
163.544
164.915
163.045
156.439
154.693
152.824
149.333
147.464
147.339
151.452
155.192
161.674
161.300
156.688
158.932
159.430
161.051
159.929
159.056
161.300
157.685
151.702
149.458
146.840
142.976
137.865
130.511
124.278
125.275
129.015
127.395
118.420
118.420
114.431
113.807
111.688
108.697
111.439
107.824
106.328
106.079
103.087
101.965
98.974
96.979
95.484
91.993
87.755
85.761
83.268
82.520
82.520
80.775
81.398
79.029
77.160
74.168
72.672
72.672
70.927
70.802
69.930
69.182
68.309
68.309
67.935
67.437
67.686
67.063
66.814
67.811
67.063
67.437
67.561
67.437
67.188
70.304
72.672
74.417
78.406
85.262
98.600
107.201
119.417
127.145
134.001
140.982
149.832
151.702
154.569
154.943
158.558
163.793
167.283
171.397
170.400
172.020
170.026
166.411
163.045
158.433
155.940
156.688
153.821
150.954
150.705
156.812
163.793
165.164
164.416
166.660
167.408
169.527
168.031
169.527
166.909
165.040
160.926
161.300
154.693
146.965
141.231
135.248
131.757
128.516
123.281
126.023
124.652
121.661
121.037
122.035
117.547
115.428
116.674
116.051
113.184
113.558
112.935
109.694
108.821
105.705
102.464
97.478
94.611
91.245
87.880
88.877
87.630
86.883
83.642
80.650
80.151
78.032
76.536
75.913
73.420
73.295
72.672
72.672
72.548
72.174
71.800
71.800
71.176
70.927
70.802
70.553
70.802
71.301
71.052
70.927
71.301
70.802
73.919
76.162
82.146
88.752
100.719
108.323
123.904
132.131
138.239
144.721
153.447
159.056
162.173
166.286
166.037
167.159
173.017
170.898
169.278
168.031
169.901
171.646
165.787
164.790
161.425
159.306
156.189
156.688
155.192
156.812
161.799
165.538
167.034
165.040
163.793
161.799
161.799
159.430
158.308
158.932
156.439
160.178
150.455
146.591
144.721
139.237
134.998
129.638
129.389
135.248
129.638
126.647
126.273
127.145
126.273
122.408
118.295
114.306
114.805
113.558
112.312
108.946
108.946
108.821
103.337
100.844
96.979
93.863
93.240
90.248
88.877
87.630
85.387
84.016
81.896
80.899
79.902
80.151
78.157
78.406
76.661
75.664
75.415
75.041
74.542
73.669
73.669
74.168
73.794
73.420
73.669
74.043
74.417
74.417
74.168
74.916
77.409
77.534
83.517
88.004
98.849
107.699
120.289
130.636
140.109
150.455
158.184
165.413
169.901
174.887
175.261
182.740
190.593
191.840
191.590
189.970
190.344
190.219
185.482
178.502
168.779
164.541
160.677
159.804
160.926
163.544
168.530
171.895
170.400
167.907
164.292
164.541
163.544
162.422
159.181
157.436
156.314
153.696
147.713
144.971
139.735
131.383
130.012
124.902
126.023
125.400
118.669
118.046
118.918
118.420
113.184
112.312
107.201
106.952
107.450
105.082
101.716
99.223
97.727
94.985
92.243
87.506
86.010
82.395
81.398
82.769
82.021
81.024
79.403
78.032
77.035
74.667
74.916
73.046
73.295
71.675
72.174
70.678
70.179
68.933
70.179
69.307
69.182
68.309
68.808
68.060
67.935
67.437
68.309
66.938
67.935
67.188
69.681
70.055
72.049
70.553
68.185
65.692
66.066
65.941
66.689
69.930
70.553
71.924
72.548
76.412
76.536
76.162
76.661
76.536
76.412
76.287
74.043
76.162
76.910
75.041
69.431
67.561
67.063
71.052
71.924
69.805
70.553
74.293
73.171
72.548
71.426
70.428
70.553
71.426
73.420
72.797
70.304
71.176
68.933
68.559
68.434
67.811
71.550
72.298
79.902
85.262
86.509
85.511
85.262
84.514
84.888
82.520
83.517
84.639
82.270
83.891
83.392
83.018
80.650
80.775
81.772
79.777
77.409
77.284
77.035
75.913
76.287