9.326
9.157
8.751
8.624
8.624
8.554
8.400
8.372
8.204
8.120
8.077
8.035
8.091
8.120
8.091
7.993
7.993
7.909
7.853
7.895
7.979
8.063
7.937
7.979
7.937
8.007
8.232
8.737
9.101
9.662
10.952
11.948
13.196
14.248
15.552
16.253
17.080
17.810
17.880
18.413
18.749
19.591
19.913
20.053
20.923
21.386
21.105
21.680
21.470
21.147
20.544
19.815
19.983
20.081
20.797
21.568
23.419
24.681
25.452
25.705
26.041
26.027
26.238
25.649
25.074
24.807
22.732
21.624
21.876
20.867
19.492
17.950
16.716
15.566
14.753
14.206
13.603
13.967
13.855
13.505
13.294
13.210
13.014
12.691
12.298
12.144
11.667
11.485
11.471
11.050
10.532
9.816
9.340
9.059
8.680
8.737
8.694
8.680
8.624
8.582
8.400
8.358
8.344
8.260
8.176
8.176
8.077
8.091
8.162
8.148
8.021
8.091
8.176
8.176
8.162
8.232
8.190
8.302
8.134
8.274
8.148
8.035
7.909
8.204
8.007
7.741
7.657
7.474
7.755
7.769
7.727
8.091
8.358
8.540
8.470
8.498
8.554
8.400
8.554
8.638
8.568
8.582
8.807
8.694
8.863
8.582
8.400
8.330
8.568
8.849
8.877
8.989
9.101
9.326
9.326
9.396
9.340
9.283
9.340
9.410
9.326
9.340
9.340
9.017
8.989
9.255
9.115
9.494
8.947
8.765
8.737
8.807
8.989
8.652
8.372
8.386
8.288
8.190
8.148
8.035
8.091
8.190
8.134
8.414
8.218
8.204
8.218
8.218
7.979
7.979
7.727
7.657
7.713
7.895
7.699
7.685
7.629
7.503
7.390
7.488
7.390
7.390
7.320
7.110
7.250
7.054
7.040
6.998
7.166
7.138
7.012
7.054
6.942
6.970
6.899
6.998
6.956
6.998
6.956
6.956
6.633
5.918
6.002
5.960
6.016
5.918
5.974
6.016
6.198
6.212
6.339
6.296
6.226
6.367
6.563
6.787
6.829
6.885
6.731
6.745
6.956
6.871
6.956
7.054
7.054
6.956
7.110
7.110
7.138
7.082
7.320
7.194
6.970
6.970
7.026
7.250
7.250
7.376
7.446
7.348
7.348
7.376
7.531
7.348
7.362
7.334
7.446
8.190
8.835
8.849
8.863
8.793
8.961
8.891
8.877
8.849
8.835
8.680
8.807
8.919
8.793
8.765
8.596
8.568
8.582
8.498
8.330
8.218
8.246
8.063
8.049
8.049
7.979
7.937
7.881
7.797
7.699
7.727
7.727
7.587
7.474
7.545
7.390
7.348
7.376
7.404
7.446
7.306
7.306
7.278
7.348
7.292
7.306
7.545
7.769
8.091
8.540
8.947
11.022
11.990
13.070
14.248
15.678
16.702
17.810
18.399
18.960
19.086
19.408
19.941
20.081
20.446
21.231
21.231
21.147
21.287
21.231
21.049
20.278
20.222
20.432
20.530
21.147
22.409
24.625
25.705
26.294
26.083
26.364
25.943
25.537
25.312
25.480
25.116
24.387
23.784
22.872
21.442
19.436
18.090
16.856
16.295
15.454
15.398
15.117
14.444
14.739
14.332
13.743
13.462
13.336
13.238
12.887
12.663
12.284
12.018
11.766
11.527
11.107
10.728
10.265
10.041
9.830
9.312
9.312
8.989
9.073
8.961
8.807
8.821
8.582
8.624
8.554
8.512
8.470
8.498
8.316
8.232
8.246
8.120
8.190
8.162
8.204
8.148
8.148
8.063
8.176
8.176
8.204
8.218
8.512
8.582
9.438
9.985
11.387
12.635
13.645
15.033
16.225
17.627
19.324
20.011
20.208
20.937
21.133
21.456
21.890
22.844
23.461
23.924
23.924
24.218
23.910
23.433
23.111
23.223
23.587
23.854
24.667
25.579
27.570
29.253
30.305
31.076
31.132
31.370
30.908
30.473
29.856
29.169
28.229
27.093
26.392
24.373
22.732
20.895
19.422
18.020
17.193
16.982
16.660
16.379
16.057
15.650
15.047
14.739
14.444
14.037
13.869
13.729
13.238
13.070
12.845
12.284
11.639
11.177
10.756
10.658
10.475
10.055
10.013
9.971
9.746
9.662
9.606
9.676
9.480
9.466
9.171
9.129
9.143
9.115
9.031
8.919
8.835
8.863
8.863
8.877
8.807
8.751
8.737
8.765
8.680
8.765
8.877
8.989
9.101
9.340
9.592
9.788
12.228
14.374
15.987
18.216
19.717
22.255
25.284
27.318
28.341
30.290
31.146
31.819
32.142
32.408
33.740
33.614
33.306
32.787
32.282
31.398
30.543
30.319
30.641
31.146
32.282
33.726
36.321
37.821
38.158
37.989
38.116
37.611
36.377
34.988
32.464
31.623
29.786
28.019
26.574
24.948
22.718
20.895
19.815
19.198
18.357
17.277
16.506
15.594
15.299
15.271
14.767
14.865
14.290
14.122
13.883
13.645
13.280
13.056
12.789
12.579
12.200
11.752
11.317
10.952
10.602
10.546
10.532
10.335
10.279
10.125
10.111
9.816
9.508
9.396
9.466
9.438
9.255
9.227
9.241
9.129
9.185
9.087
9.045
8.961
8.933
8.989
9.003
9.017
8.989
8.989
8.989
9.115
9.340
9.732
10.083
10.181
11.836
13.645
15.426
17.543
19.871
21.750
23.335
24.429
25.242
26.097
26.574
27.247
26.967
27.514
27.991
28.552
28.664
28.089
27.738
27.444
26.154
25.887
26.013
26.322
26.911
27.626
30.108
32.142
32.632
32.983
33.306
33.474
33.179
32.380
31.440
31.314
29.940
29.000
27.836
26.448
24.513
22.255
20.755
19.310
18.427
18.301
17.768
17.151
16.856
16.506
15.468
15.314
14.935
14.739
14.444
14.079
13.631
13.420
13.448
12.930
12.551
12.116
11.583
11.092
10.812
10.994
10.994
10.672
10.391
10.279
10.279
10.181
10.139
9.943
9.943
9.858
9.648
9.550
9.536
9.424
9.382
9.396
9.297
9.213
9.227
9.185
9.185
9.241
9.255
9.171
9.185
9.213
9.620
9.858
10.349
10.644
12.228
13.547
15.117
17.066
18.946
20.544
21.989
22.648
22.704
23.573
23.882
24.246
24.288
23.924
23.994
24.120
23.489
23.321
23.153
22.381
21.063
20.110
19.815
19.591
19.689
20.306
20.853
21.372
21.876
21.933
22.157
21.876
21.624
20.993
20.432
19.731
19.464
18.721
17.852
16.856
15.860
14.781
14.276
13.505
12.902
13.070
13.140
12.930
12.733
12.383
11.962
11.780
11.864
11.653
11.653
11.233
10.924
10.714
10.447
10.293
9.915
9.634
9.283
8.652
8.484
8.610
8.568
8.470
8.260
8.007
7.965
7.979
7.979
7.909
7.993
7.937
7.825
7.811
7.699
7.727
7.727
7.727
7.643
7.601
7.615
7.545
7.545
7.615
7.573
7.460
7.432
7.208
7.278
7.573
7.825
7.446
7.180
7.054
7.054
7.222
7.390
7.180
7.741
8.330
8.120
7.811
7.797
7.867
7.979
8.077
7.951
7.811
7.825
8.021
8.120
7.699
7.615
7.657
7.404
7.320
7.404
7.741
7.685
7.699
7.713
7.671
7.783
7.797
7.797
7.895
7.797
7.881
7.741
7.797
7.797
7.839
8.148
7.853
7.937
8.021
8.526
9.129
9.171
9.199
9.241
8.961
9.045
9.003
8.849
8.666
8.680
8.680
8.610
8.709
8.737
8.568
8.442
8.358
8.316
8.106
8.063
8.176
8.120
8.176
8.232
8.232
8.091
7.951
7.923
7.825
7.769
7.573
7.545
7.488
7.446
7.517
7.418
7.362
7.362
7.362
7.320
7.306
7.348
7.320
7.348
7.264
7.194
7.208
7.264
7.362
7.306
7.124
6.928
6.577
6.437
6.296
6.311
6.339
6.268
6.268
6.465
6.577
6.521
6.605
6.759
6.801
6.787
6.801
6.970
6.871
6.871
6.998
7.110
7.166
7.250
7.404
7.110
7.278
7.138
7.110
7.292
7.208
7.152
7.278
7.292
7.222
7.460
7.362
7.446
7.306
7.278
7.278
7.334
7.488
7.362
7.727
8.498
8.849
8.765
8.975
9.129
8.947
8.807
8.751
8.723
8.680
8.709
8.751
8.554
8.540
8.456
8.540
8.456
8.456
8.330
8.358
8.428
8.358
7.965
7.979
8.049
7.937
7.923
7.937
7.895
7.797
7.685
7.601
7.615
7.601
7.503
7.545
7.404
7.446
7.446
7.474
7.334
7.334
7.306
7.404
7.390
7.348
7.488
7.615
7.881
8.148
8.568
9.185
11.121
11.962
12.972
13.827
15.103
16.127
17.333
18.048
18.258
18.651
19.170
19.535
19.577
19.857
20.446
20.600
20.278
20.390
20.081
19.899
19.310
18.974
18.932
19.114
19.605
20.110
21.806
22.844
23.517
23.826
24.078
24.751
24.597
24.218
24.260
24.176
23.685
23.068
22.101
20.839
19.450
17.922
16.477
15.524
14.584
15.075
14.921
14.304
13.911
13.799
13.687
13.210
12.789
12.425
12.186
12.284
11.962
11.808
11.625
11.485
10.952
10.574
10.209
9.901
9.704
9.550
9.073
9.101
8.737
8.737
8.610
8.807
8.680
8.540
8.260
8.162
8.148
8.176
8.162
8.106
8.091
8.035
7.993
7.965
7.951
7.993
7.979
8.049
8.007
7.993
7.993
8.007
8.246
8.484
9.185
9.830
11.667
12.705
14.009
14.935
16.001
16.688
17.613
18.469
18.960
19.366
20.067
20.558
20.895
20.670
20.937
20.881
20.446
20.446
20.306
20.222
19.731
19.296
18.904
19.058
19.100
19.843
21.049
21.736
22.844
22.381
22.816
23.096
23.040
22.227
22.045
21.722
21.582
21.049
20.039
19.170
17.768
16.688
16.211
15.524
15.538
15.299
14.696
14.192
14.276
13.771
13.519
13.056
12.691
12.467
12.186
12.074
11.401
11.275
11.078
10.896
10.419
10.265
9.746
9.536
9.059
8.821
9.003
8.751
8.723
8.624
8.442
8.316
8.428
8.176
8.218
8.218
8.091
8.021
7.937
7.951
7.881
7.881
7.909
7.909
7.783
7.741
7.783
7.881
7.853
7.881
7.937
7.881
8.176
8.891
9.410
9.886
11.499
12.397
14.009
15.440
16.730
18.315
19.605
20.166
20.937
21.245
21.834
22.564
22.970
23.489
23.714
24.162
23.896
23.756
23.545
23.447
22.536
21.989
22.017
22.634
23.082
23.629
25.074
25.999
26.238
26.013
26.013
25.775
25.228
25.046
24.779
24.443
23.798
23.026
22.185
20.614
19.198
18.357
17.403
16.477
15.566
15.173
14.837
14.402
14.290
14.150
13.925
13.701
13.280
13.028
12.789
12.607
12.397
12.453
12.130
11.625
11.401
10.784
10.293
9.915
9.508
9.480
9.410
9.115
9.143
8.919
8.919
8.737
8.456
8.400
8.414
8.274
8.274
8.302
8.190
8.246
8.218
8.091
8.021
8.162
8.091
8.007
8.035
8.021
8.063
8.077
8.077
8.091
8.176
8.498
8.877
9.578
10.181
10.840
12.270
13.533
14.626
15.650
16.828
17.571
17.852
18.497
19.072
19.198
19.240
19.521
19.703
20.250
20.264
20.236
20.053
19.591
18.721
18.104
17.866
17.824
18.637
19.549
21.358
22.367
23.111
23.643
23.559
23.896
23.756
23.391
22.900
22.578
22.465
21.708
21.708
20.516
19.324
17.796
16.604
15.328
14.570
14.248
14.346
13.925
13.771
13.673
13.561
13.182
13.098
12.817
12.761
12.495
12.228
11.962
12.032
11.738
11.149
10.686
10.321
9.690
9.578
9.648
9.872
9.466
9.312
9.241
9.241
8.989
8.891
8.891
8.835
8.905
8.835
8.582
8.610
8.666
8.638
8.680
8.470
8.456
8.456
8.442
8.400
8.428
8.568
8.442
8.428
8.498
8.694
8.933
9.718
10.405
11.948
13.350
14.360
15.566
17.403
19.380
21.512
22.886
24.218
24.976
25.060
25.523
26.701
27.374
28.538
28.271
28.271
28.481
28.201
27.514
26.743
26.350
26.574
26.869
27.878
29.309
30.978
32.071
32.520
32.997
32.871
32.773
32.128
31.735
31.328
30.879
29.730
28.495
27.079
25.004
22.465
19.829
18.174
17.277
16.225
16.435
16.113
15.945
16.043
15.636
15.229
14.991
14.809
14.458
14.150
13.939
13.336
12.873
12.537
12.313
11.681
11.289
10.910
10.546
10.321
10.195
10.055
9.943
10.097
10.139
10.139
9.957
9.971
9.999
10.055
9.915
9.858
9.802
9.774
9.802
9.816
9.676
9.676
9.774
9.746
9.634
9.774
9.606
9.564
9.466
9.592
9.578
9.634
9.901
9.718
9.255
8.905
9.297
9.396
9.438
9.704
10.041
10.504
10.812
10.882
11.050
11.359
11.555
11.457
11.387
11.415
11.429
11.569
11.401
11.135
11.078
10.882
10.798
10.728
10.966
11.008
11.107
11.163
11.555
11.653
11.738
11.541
11.471
11.429
11.611
11.345
11.163
11.135
11.107
10.924
11.022
10.784
10.714
10.419
10.321
10.209
10.784
11.205
11.527
11.205
11.163
11.247
11.163
10.826
10.784
10.896
10.602
10.447
10.377
10.307
10.153
10.167
10.055
10.069
9.929
9.844
9.774
9.732
9.760
9.830
9.872
9.690
9.718
9.662
9.704
9.592
9.704
9.760
9.578
9.522
9.564
9.606
9.592
9.592
9.452
9.424
9.424
9.438
9.340
9.396
9.283
9.326
9.241
9.157
9.171
9.382
9.003
8.148
8.063
8.120
8.148
8.218
8.218
8.386
8.512
8.779
8.947
8.807
8.849
8.933
9.003
9.073
9.143
9.213
9.129
9.143
9.213
9.199
9.185
9.171
9.227
9.227
9.199
9.297
9.522
9.564
9.774
9.718
9.830
9.943
9.957
9.971
9.901
10.013
9.901
10.041
9.943
9.844
9.718
9.550
9.522
9.578
10.349
10.644
10.644
10.588
10.910
10.952
10.784
10.910
10.812
10.798
10.714
10.868
10.714
10.868
10.700
10.686
10.602
10.391
10.419
10.377
10.532
10.532
10.349
10.349
10.391
10.195
10.027
9.957
9.690
9.732
9.480
9.368
9.424
9.410
9.326
9.297
9.199
9.283
9.283
9.410
9.354
9.354
9.508
9.522
9.620
9.676
9.578
9.662
9.915
10.433
11.359
14.136
16.632
19.310
21.596
24.401
27.402
29.645
30.922
32.198
33.221
34.063
34.343
33.656
33.432
33.558
33.642
33.460
32.899
31.581
30.809
28.846
28.019
27.864
28.453
29.042
29.954
32.492
34.161
34.736
34.736
34.105
33.880
33.362
32.534
32.969
32.548
31.553
30.052
28.776
27.037
24.877
23.026
21.189
20.081
19.521
19.198
18.539
18.048
17.613
17.459
16.842
15.987
15.846
15.692
15.173
14.682
13.897
14.276
13.855
13.182
12.789
12.327
11.808
11.177
11.261
11.036
10.756
10.728
10.742
10.363
10.265
10.167
10.139
10.125
10.041
10.125
10.083
9.901
9.802
9.774
9.648
9.718
9.718
9.732
9.578
9.550
9.578
9.606
9.606
9.508
9.648
9.774
10.055
10.083
10.910
11.695
14.051
16.323
19.086
21.358
24.106
26.701
28.916
30.192
31.146
32.534
33.488
34.147
34.624
34.904
35.101
34.007
33.656
33.404
32.576
32.338
31.482
31.160
31.903
31.791
32.184
32.969
35.984
37.316
38.186
38.284
38.158
35.858
33.432
32.703
32.254
31.987
31.917
30.908
29.491
28.285
26.097
26.083
24.345
23.012
21.680
20.979
20.348
19.394
18.805
18.146
17.852
17.487
16.758
16.463
16.029
15.594
15.075
14.626
14.079
13.673
13.182
12.551
12.116
11.822
11.415
11.359
11.513
11.429
11.121
11.092
10.994
10.798
10.658
10.560
10.560
10.475
10.405
10.349
10.223
10.237
10.181
10.069
9.985
9.943
9.760
9.802
9.774
9.830
9.830
9.830
10.027
10.195
10.251
10.265
10.952
11.667
13.462
15.314
17.010
18.875
20.460
22.381
23.980
24.779
25.480
26.280
26.476
26.813
27.065
27.444
27.963
28.075
27.191
26.911
26.364
25.116
23.671
23.391
22.872
23.279
23.671
24.331
26.182
27.332
27.822
27.738
27.682
27.402
26.658
25.747
25.957
25.368
24.779
24.078
22.956
21.526
19.815
18.469
16.870
16.211
15.636
15.524
15.314
14.472
14.122
14.023
13.799
13.392
13.070
13.140
12.719
12.327
11.836
11.766
11.387
10.882
10.461
10.097
9.746
9.494
9.059
9.031
9.031
9.129
8.947
8.919
8.877
8.680
8.680
8.709
8.680
8.680
8.666
8.666
8.666
8.652
8.568
8.526
8.498
8.442
8.554
8.554
8.624
8.666
8.737
8.737
8.694
8.680
8.596
8.554
8.442
7.657
7.292
7.376
7.503
7.629
7.629
7.685
7.783
7.923
8.021
7.615
7.474
7.615
7.573
7.643
7.895
7.867
7.825
7.783
7.811
7.839
7.657
7.657
7.713
7.713
7.713
7.615
7.699
7.895
7.895
8.035
8.204
8.106
8.035
8.007
8.077
7.909
8.106
7.951
7.839
7.783
7.769
7.699
7.545
7.657
8.330
8.540
8.652
8.582
8.624
8.498
8.484
8.484
8.512
8.358
8.204
8.232
8.232
8.162
8.091
8.106
8.120
8.007
7.979
7.895
7.867
7.797
7.769
7.685
7.797
7.727
7.446
7.474
7.474
7.334
7.418
7.222
7.278
7.236
7.222
7.082
6.970
7.012
6.970
6.899
6.885
6.928
6.857
6.970
6.857
6.871
6.857
6.857
6.857
6.928
7.110
7.236
7.404
7.334
7.082
7.474
7.979
8.316
8.386
8.498
8.652
8.723
8.849
8.933
9.326
9.340
9.171
9.059
8.919
8.793
8.638
8.414
8.021
8.176
7.867
7.657
8.007
8.274
8.218
8.498
8.554
8.779
8.652
8.484
8.596
8.723
8.554
8.554
8.302
8.190
8.148
7.811
7.559
7.362
7.334
7.797
8.344
8.540
8.428
8.204
8.232
8.049
8.091
8.120
7.951
8.218
8.049
7.923
7.839
7.727
7.853
7.741
7.657
7.671
7.573
7.517
7.390
7.236
7.334
7.236
7.264
7.194
7.054
7.138
7.096
7.138
7.068
7.138
7.068
6.970
7.054
7.026
7.012
6.998
6.942
6.885
6.871
6.871
6.885
6.843
6.914
6.857
6.787
6.885
6.801
6.703
6.773
6.521
6.339
6.353
5.820
5.708
5.820
5.904
5.876
5.932
5.988
6.030
6.240
6.493
6.787
6.871
7.124
7.138
7.138
7.054
7.180
7.180
7.082
7.026
7.068
6.998
7.166
7.180
7.362
7.390
7.545
7.629
7.432
7.699
7.685
7.643
7.545
7.839
7.727
7.783
7.601
7.559
7.657
7.615
7.559
7.376
8.007
8.554
8.498
8.456
8.456
8.498
8.316
8.176
8.162
8.176
8.120
8.063
8.035
8.063
8.106
7.853
7.853
7.825
7.825
7.867
7.755
7.657
7.769
7.783
7.741
7.629
7.629
7.615
7.615
7.573
7.601
7.671
7.657
7.629
7.587
7.545
7.573
7.657
7.643
7.531
7.488
7.362
7.390
7.432
7.460
7.545
7.545
7.587
7.503
7.545
7.531
6.984
6.717
6.381
6.296
6.325
6.325
6.339
6.507
6.661
6.605
6.731
6.647
6.731
6.801
6.829
6.745
6.843
6.871
6.773
6.549
6.633
6.507
6.479
6.479
6.423
6.367
6.353
6.311
6.142
6.311
6.240
6.395
6.535
6.423
6.437
6.465
6.353
6.493
6.437
6.367
6.367
6.451
6.563
7.110
7.727
7.965
7.993
8.091
8.302
8.498
8.358
8.246
7.727
7.923
7.811
7.951
8.049
7.853
7.951
7.839
7.881
7.825
7.937
8.007
7.923
7.881
7.881
7.755
7.643
7.615
7.573
7.348
7.362
7.278
7.320
7.180
7.124
7.096
6.970
7.194
7.166
7.208
7.082
7.124
7.040
7.054
6.998
6.998
6.942
7.026
7.082
7.026
7.110
7.334
7.615
8.821
9.550
11.317
12.873
13.603
14.781
15.860
16.926
17.922
18.595
18.861
19.394
19.661
20.558
20.600
20.727
20.979
20.811
20.642
20.741
20.404
19.913
19.030
18.904
18.399
18.553
19.044
19.717
20.544
21.400
21.540
21.526
21.526
21.386
20.993
20.769
20.306
20.067
19.899
19.745
19.002
17.768
16.758
16.127
15.482
15.215
14.977
14.360
14.009
13.238
13.126
13.154
12.509
12.102
11.639
11.611
11.303
11.289
10.994
11.247
11.205
10.630
10.363
10.153
9.648
9.297
9.073
8.961
8.779
8.428
8.400
8.316
8.134
8.091
8.063
7.825
7.951
7.741
7.629
7.713
7.573
7.615
7.601
7.615
7.643
7.517
7.531
7.474
7.488
7.503
7.587
7.615
7.531
7.643
7.825
8.063
8.779
9.536
11.513
12.439
13.280
14.164
14.781
15.510
16.477
16.884
16.968
17.487
17.992
18.090
18.371
18.665
18.637
18.399
18.553
18.343
17.599
17.403
17.193
16.800
16.590
16.576
17.038
17.459
18.188
18.146
17.627
17.880
17.936
18.118
17.992
17.894
18.146
17.740
17.066
16.814
16.520
16.085
15.510
14.682
13.981
14.093
14.514
14.332
13.322
13.322
12.873
12.803
12.565
12.228
12.537
12.130
11.962
11.934
11.597
11.471
11.135
10.910
10.742
10.349
9.872
9.648
9.368
9.283
9.283
9.087
9.157
8.891
8.680
8.344
8.176
8.176
7.979
7.965
7.867
7.783
7.685
7.685
7.643
7.587
7.615
7.545
7.517
7.629
7.545
7.587
7.601
7.587
7.559
7.909
8.176
8.372
8.821
9.592
11.092
12.060
13.434
14.304
15.075
15.860
16.856
17.066
17.389
17.431
17.838
18.427
18.819
19.282
19.170
19.352
19.128
18.721
18.343
17.824
17.543
17.627
17.305
16.982
16.954
17.641
18.427
18.581
18.497
18.749
18.833
19.072
18.904
19.072
18.777
18.567
18.104
18.146
17.403
16.534
15.888
15.215
14.823
14.458
13.869
14.178
14.023
13.687
13.617
13.729
13.224
12.986
13.126
13.056
12.733
12.775
12.705
12.341
12.242
11.892
11.527
10.966
10.644
10.265
9.886
9.999
9.858
9.774
9.410
9.073
9.017
8.779
8.610
8.540
8.260
8.246
8.176
8.176
8.162
8.120
8.077
8.077
8.007
7.979
7.965
7.937
7.965
8.021
7.993
7.979
8.021
7.965
8.316
8.568
9.241
9.985
11.331
12.186
13.939
14.865
15.552
16.281
17.263
17.894
18.244
18.707
18.679
18.805
19.464
19.226
19.044
18.904
19.114
19.310
18.651
18.539
18.160
17.922
17.571
17.627
17.459
17.641
18.202
18.623
18.791
18.567
18.427
18.202
18.202
17.936
17.810
17.880
17.599
18.020
16.926
16.491
16.281
15.664
15.187
14.584
14.556
15.215
14.584
14.248
14.206
14.304
14.206
13.771
13.308
12.859
12.916
12.775
12.635
12.256
12.256
12.242
11.625
11.345
10.910
10.560
10.489
10.153
9.999
9.858
9.606
9.452
9.213
9.101
8.989
9.017
8.793
8.821
8.624
8.512
8.484
8.442
8.386
8.288
8.288
8.344
8.302
8.260
8.288
8.330
8.372
8.372
8.344
8.428
8.709
8.723
9.396
9.901
11.121
12.116
13.533
14.696
15.762
16.926
17.796
18.609
19.114
19.675
19.717
20.558
21.442
21.582
21.554
21.372
21.414
21.400
20.867
20.081
18.988
18.511
18.076
17.978
18.104
18.399
18.960
19.338
19.170
18.889
18.483
18.511
18.399
18.272
17.908
17.712
17.585
17.291
16.618
16.309
15.720
14.781
14.626
14.051
14.178
14.108
13.350
13.280
13.378
13.322
12.733
12.635
12.060
12.032
12.088
11.822
11.443
11.163
10.994
10.686
10.377
9.844
9.676
9.269
9.157
9.312
9.227
9.115
8.933
8.779
8.666
8.400
8.428
8.218
8.246
8.063
8.120
7.951
7.895
7.755
7.895
7.797
7.783
7.685
7.741
7.657
7.643
7.587
7.685
7.531
7.643
7.559
7.839
7.881
8.106
7.937
7.671
7.390
7.432
7.418
7.503
7.867
7.937
8.091
8.162
8.596
8.610
8.568
8.624
8.610
8.596
8.582
8.330
8.568
8.652
8.442
7.811
7.601
7.545
7.993
8.091
7.853
7.937
8.358
8.232
8.162
8.035
7.923
7.937
8.035
8.260
8.190
7.909
8.007
7.755
7.713
7.699
7.629
8.049
8.134
8.989
9.592
9.732
9.620
9.592
9.508
9.550
9.283
9.396
9.522
9.255
9.438
9.382
9.340
9.073
9.087
9.199
8.975
8.709
8.694
8.666
8.540
8.582
