20.723
20.349
19.446
19.165
19.165
19.009
18.667
18.604
18.230
18.043
17.950
17.856
17.981
18.043
17.981
17.763
17.763
17.576
17.451
17.545
17.732
17.919
17.638
17.732
17.638
17.794
18.293
19.415
20.225
21.471
24.338
26.551
29.324
31.662
34.560
36.118
37.957
39.577
39.733
40.917
41.665
43.535
44.252
44.563
46.495
47.524
46.900
48.178
47.711
46.994
45.654
44.033
44.407
44.625
46.215
47.929
52.042
54.847
56.561
57.122
57.870
57.839
58.306
56.997
55.720
55.127
50.515
48.053
48.614
46.371
43.317
39.889
37.146
34.591
32.784
31.568
30.228
31.038
30.789
30.010
29.543
29.356
28.919
28.203
27.330
26.987
25.928
25.523
25.491
24.556
23.403
21.814
20.755
20.131
19.290
19.415
19.321
19.290
19.165
19.072
18.667
18.573
18.542
18.355
18.168
18.168
17.950
17.981
18.137
18.106
17.825
17.981
18.168
18.168
18.137
18.293
18.199
18.449
18.075
18.386
18.106
17.856
17.576
18.230
17.794
17.202
17.015
16.610
17.233
17.264
17.171
17.981
18.573
18.978
18.822
18.885
19.009
18.667
19.009
19.196
19.041
19.072
19.570
19.321
19.695
19.072
18.667
18.511
19.041
19.664
19.726
19.976
20.225
20.723
20.723
20.879
20.755
20.630
20.755
20.910
20.723
20.755
20.755
20.038
19.976
20.568
20.256
21.097
19.882
19.477
19.415
19.570
19.976
19.228
18.604
18.636
18.417
18.199
18.106
17.856
17.981
18.199
18.075
18.698
18.262
18.230
18.262
18.262
17.732
17.732
17.171
17.015
17.140
17.545
17.109
17.077
16.953
16.672
16.423
16.641
16.423
16.423
16.267
15.800
16.111
15.675
15.644
15.550
15.924
15.862
15.582
15.675
15.426
15.488
15.332
15.550
15.457
15.550
15.457
15.457
14.740
13.151
13.338
13.244
13.369
13.151
13.275
13.369
13.774
13.805
14.086
13.992
13.836
14.148
14.584
15.083
15.176
15.301
14.958
14.989
15.457
15.270
15.457
15.675
15.675
15.457
15.800
15.800
15.862
15.737
16.267
15.987
15.488
15.488
15.613
16.111
16.111
16.392
16.548
16.329
16.329
16.392
16.735
16.329
16.361
16.298
16.548
18.199
19.633
19.664
19.695
19.539
19.913
19.757
19.726
19.664
19.633
19.290
19.570
19.820
19.539
19.477
19.103
19.041
19.072
18.885
18.511
18.262
18.324
17.919
17.888
17.888
17.732
17.638
17.514
17.327
17.109
17.171
17.171
16.859
16.610
16.766
16.423
16.329
16.392
16.454
16.548
16.236
16.236
16.174
16.329
16.205
16.236
16.766
17.264
17.981
18.978
19.882
24.494
26.644
29.044
31.662
34.840
37.115
39.577
40.886
42.132
42.413
43.130
44.314
44.625
45.436
47.181
47.181
46.994
47.306
47.181
46.776
45.062
44.937
45.405
45.623
46.994
49.799
54.722
57.122
58.431
57.963
58.587
57.652
56.748
56.249
56.623
55.813
54.193
52.853
50.827
47.648
43.192
40.200
37.458
36.211
34.342
34.217
33.594
32.098
32.752
31.849
30.540
29.917
29.636
29.418
28.639
28.140
27.299
26.707
26.146
25.616
24.681
23.840
22.811
22.313
21.845
20.692
20.692
19.976
20.162
19.913
19.570
19.602
19.072
19.165
19.009
18.916
18.822
18.885
18.480
18.293
18.324
18.043
18.199
18.137
18.230
18.106
18.106
17.919
18.168
18.168
18.230
18.262
18.916
19.072
20.973
22.188
25.304
28.078
30.322
33.407
36.056
39.172
42.943
44.470
44.906
46.526
46.963
47.679
48.646
50.765
52.136
53.164
53.164
53.819
53.133
52.073
51.357
51.606
52.416
53.008
54.816
56.841
61.267
65.006
67.343
69.057
69.182
69.712
68.683
67.717
66.346
64.819
62.731
60.207
58.649
54.161
50.515
46.433
43.161
40.045
38.206
37.738
37.022
36.398
35.682
34.778
33.438
32.752
32.098
31.194
30.820
30.509
29.418
29.044
28.545
27.299
25.865
24.837
23.902
23.684
23.279
22.344
22.250
22.157
21.658
21.471
21.347
21.503
21.066
21.035
20.381
20.287
20.318
20.256
20.069
19.820
19.633
19.695
19.695
19.726
19.570
19.446
19.415
19.477
19.290
19.477
19.726
19.976
20.225
20.755
21.316
21.752
27.174
31.942
35.526
40.481
43.815
49.456
56.187
60.706
62.981
67.312
69.213
70.709
71.426
72.018
74.978
74.698
74.012
72.859
71.737
69.774
67.873
67.375
68.091
69.213
71.737
74.947
80.712
84.047
84.795
84.421
84.701
83.579
80.837
77.752
72.142
70.273
66.190
62.264
59.054
55.439
50.484
46.433
44.033
42.662
40.792
38.393
36.679
34.653
33.999
33.937
32.815
33.033
31.755
31.381
30.851
30.322
29.511
29.013
28.421
27.953
27.112
26.115
25.149
24.338
23.559
23.435
23.403
22.967
22.843
22.500
22.469
21.814
21.129
20.879
21.035
20.973
20.568
20.505
20.536
20.287
20.412
20.194
20.100
19.913
19.851
19.976
20.007
20.038
19.976
19.976
19.976
20.256
20.755
21.627
22.406
22.624
26.302
30.322
34.279
38.985
44.158
48.334
51.855
54.286
56.093
57.994
59.054
60.550
59.927
61.142
62.201
63.448
63.697
62.420
61.641
60.986
58.119
57.527
57.807
58.493
59.802
61.391
66.907
71.426
72.516
73.295
74.012
74.386
73.732
71.955
69.868
69.587
66.533
64.445
61.859
58.774
54.473
49.456
46.121
42.912
40.948
40.668
39.484
38.112
37.458
36.679
34.373
34.030
33.189
32.752
32.098
31.288
30.290
29.823
29.885
28.732
27.891
26.925
25.741
24.650
24.027
24.432
24.432
23.715
23.092
22.843
22.843
22.624
22.531
22.095
22.095
21.908
21.440
21.222
21.191
20.942
20.848
20.879
20.661
20.474
20.505
20.412
20.412
20.536
20.568
20.381
20.412
20.474
21.378
21.908
22.998
23.653
27.174
30.104
33.594
37.925
42.101
45.654
48.864
50.328
50.453
52.385
53.071
53.881
53.974
53.164
53.320
53.600
52.198
51.824
51.450
49.736
46.807
44.688
44.033
43.535
43.753
45.124
46.339
47.492
48.614
48.739
49.238
48.614
48.053
46.651
45.405
43.846
43.254
41.603
39.671
37.458
35.245
32.846
31.724
30.010
28.670
29.044
29.200
28.732
28.296
27.517
26.582
26.177
26.364
25.896
25.896
24.962
24.276
23.809
23.216
22.874
22.032
21.409
20.630
19.228
18.854
19.134
19.041
18.822
18.355
17.794
17.701
17.732
17.732
17.576
17.763
17.638
17.389
17.358
17.109
17.171
17.171
17.171
16.984
16.890
16.922
16.766
16.766
16.922
16.828
16.579
16.516
16.018
16.174
16.828
17.389
16.548
15.955
15.675
15.675
16.049
16.423
15.955
17.202
18.511
18.043
17.358
17.327
17.482
17.732
17.950
17.669
17.358
17.389
17.825
18.043
17.109
16.922
17.015
16.454
16.267
16.454
17.202
17.077
17.109
17.140
17.046
17.295
17.327
17.327
17.545
17.327
17.514
17.202
17.327
17.327
17.420
18.106
17.451
17.638
17.825
18.947
20.287
20.381
20.443
20.536
19.913
20.100
20.007
19.664
19.259
19.290
19.290
19.134
19.352
19.415
19.041
18.760
18.573
18.480
18.012
17.919
18.168
18.043
18.168
18.293
18.293
17.981
17.669
17.607
17.389
17.264
16.828
16.766
16.641
16.548
16.703
16.485
16.361
16.361
16.361
16.267
16.236
16.329
16.267
16.329
16.142
15.987
16.018
16.142
16.361
16.236
15.831
15.395
14.615
14.304
13.992
14.023
14.086
13.930
13.930
14.366
14.615
14.491
14.678
15.021
15.114
15.083
15.114
15.488
15.270
15.270
15.550
15.800
15.924
16.111
16.454
15.800
16.174
15.862
15.800
16.205
16.018
15.893
16.174
16.205
16.049
16.579
16.361
16.548
16.236
16.174
16.174
16.298
16.641
16.361
17.171
18.885
19.664
19.477
19.944
20.287
19.882
19.570
19.446
19.383
19.290
19.352
19.446
19.009
18.978
18.791
18.978
18.791
18.791
18.511
18.573
18.729
18.573
17.701
17.732
17.888
17.638
17.607
17.638
17.545
17.327
17.077
16.890
16.922
16.890
16.672
16.766
16.454
16.548
16.548
16.610
16.298
16.298
16.236
16.454
16.423
16.329
16.641
16.922
17.514
18.106
19.041
20.412
24.712
26.582
28.826
30.727
33.563
35.838
38.518
40.107
40.574
41.447
42.600
43.410
43.504
44.127
45.436
45.779
45.062
45.311
44.625
44.220
42.912
42.164
42.070
42.475
43.566
44.688
48.459
50.765
52.260
52.946
53.507
55.003
54.660
53.819
53.912
53.725
52.634
51.263
49.113
46.308
43.223
39.826
36.617
34.497
32.410
33.500
33.157
31.786
30.914
30.664
30.415
29.356
28.421
27.610
27.081
27.299
26.582
26.239
25.834
25.523
24.338
23.497
22.687
22.001
21.565
21.222
20.162
20.225
19.415
19.415
19.134
19.570
19.290
18.978
18.355
18.137
18.106
18.168
18.137
18.012
17.981
17.856
17.763
17.701
17.669
17.763
17.732
17.888
17.794
17.763
17.763
17.794
18.324
18.854
20.412
21.845
25.928
28.234
31.132
33.189
35.557
37.084
39.141
41.042
42.132
43.036
44.594
45.685
46.433
45.934
46.526
46.402
45.436
45.436
45.124
44.937
43.846
42.880
42.008
42.351
42.444
44.096
46.776
48.303
50.765
49.736
50.702
51.326
51.201
49.393
48.988
48.272
47.960
46.776
44.532
42.600
39.484
37.084
36.024
34.497
34.529
33.999
32.659
31.537
31.724
30.602
30.041
29.013
28.203
27.704
27.081
26.831
25.336
25.055
24.619
24.214
23.154
22.811
21.658
21.191
20.131
19.602
20.007
19.446
19.383
19.165
18.760
18.480
18.729
18.168
18.262
18.262
17.981
17.825
17.638
17.669
17.514
17.514
17.576
17.576
17.295
17.202
17.295
17.514
17.451
17.514
17.638
17.514
18.168
19.757
20.910
21.970
25.554
27.548
31.132
34.311
37.178
40.699
43.566
44.812
46.526
47.212
48.521
50.141
51.045
52.198
52.697
53.694
53.102
52.790
52.323
52.105
50.079
48.864
48.926
50.297
51.294
52.510
55.720
57.776
58.306
57.807
57.807
57.278
56.062
55.657
55.065
54.317
52.884
51.170
49.300
45.810
42.662
40.792
38.673
36.617
34.591
33.718
32.971
32.004
31.755
31.444
30.945
30.446
29.511
28.950
28.421
28.016
27.548
27.673
26.956
25.834
25.336
23.964
22.874
22.032
21.129
21.066
20.910
20.256
20.318
19.820
19.820
19.415
18.791
18.667
18.698
18.386
18.386
18.449
18.199
18.324
18.262
17.981
17.825
18.137
17.981
17.794
17.856
17.825
17.919
17.950
17.950
17.981
18.168
18.885
19.726
21.284
22.624
24.089
27.268
30.072
32.503
34.778
37.396
39.047
39.671
41.104
42.382
42.662
42.756
43.379
43.784
44.999
45.031
44.968
44.563
43.535
41.603
40.231
39.702
39.608
41.416
43.441
47.461
49.705
51.357
52.541
52.354
53.102
52.790
51.980
50.889
50.173
49.923
48.240
48.240
45.592
42.943
39.546
36.897
34.061
32.378
31.662
31.880
30.945
30.602
30.384
30.135
29.293
29.106
28.483
28.358
27.766
27.174
26.582
26.738
26.083
24.775
23.746
22.936
21.534
21.284
21.440
21.939
21.035
20.692
20.536
20.536
19.976
19.757
19.757
19.633
19.789
19.633
19.072
19.134
19.259
19.196
19.290
18.822
18.791
18.791
18.760
18.667
18.729
19.041
18.760
18.729
18.885
19.321
19.851
21.596
23.123
26.551
29.667
31.911
34.591
38.673
43.067
47.804
50.858
53.819
55.501
55.688
56.717
59.334
60.830
63.417
62.825
62.825
63.292
62.669
61.142
59.428
58.555
59.054
59.708
61.952
65.131
68.839
71.270
72.267
73.327
73.046
72.828
71.395
70.522
69.618
68.621
66.066
63.323
60.176
55.564
49.923
44.065
40.387
38.393
36.056
36.523
35.806
35.432
35.651
34.747
33.843
33.313
32.908
32.129
31.444
30.976
29.636
28.608
27.860
27.361
25.959
25.086
24.245
23.435
22.936
22.656
22.344
22.095
22.437
22.531
22.531
22.126
22.157
22.219
22.344
22.032
21.908
21.783
21.721
21.783
21.814
21.503
21.503
21.721
21.658
21.409
21.721
21.347
21.253
21.035
21.316
21.284
21.409
22.001
21.596
20.568
19.789
20.661
20.879
20.973
21.565
22.313
23.341
24.027
24.183
24.556
25.242
25.678
25.460
25.304
25.367
25.398
25.710
25.336
24.743
24.619
24.183
23.996
23.840
24.370
24.463
24.681
24.806
25.678
25.896
26.083
25.647
25.491
25.398
25.803
25.211
24.806
24.743
24.681
24.276
24.494
23.964
23.809
23.154
22.936
22.687
23.964
24.899
25.616
24.899
24.806
24.993
24.806
24.058
23.964
24.214
23.559
23.216
23.061
22.905
22.562
22.593
22.344
22.375
22.063
21.876
21.721
21.627
21.689
21.845
21.939
21.534
21.596
21.471
21.565
21.316
21.565
21.689
21.284
21.160
21.253
21.347
21.316
21.316
21.004
20.942
20.942
20.973
20.755
20.879
20.630
20.723
20.536
20.349
20.381
20.848
20.007
18.106
17.919
18.043
18.106
18.262
18.262
18.636
18.916
19.508
19.882
19.570
19.664
19.851
20.007
20.162
20.318
20.474
20.287
20.318
20.474
20.443
20.412
20.381
20.505
20.505
20.443
20.661
21.160
21.253
21.721
21.596
21.845
22.095
22.126
22.157
22.001
22.250
22.001
22.313
22.095
21.876
21.596
21.222
21.160
21.284
22.998
23.653
23.653
23.528
24.245
24.338
23.964
24.245
24.027
23.996
23.809
24.151
23.809
24.151
23.777
23.746
23.559
23.092
23.154
23.061
23.403
23.403
22.998
22.998
23.092
22.656
22.282
22.126
21.534
21.627
21.066
20.817
20.942
20.910
20.723
20.661
20.443
20.630
20.630
20.910
20.786
20.786
21.129
21.160
21.378
21.503
21.284
21.471
22.032
23.185
25.242
31.412
36.959
42.912
47.991
54.224
60.893
65.879
68.715
71.550
73.825
75.695
76.318
74.791
74.293
74.573
74.760
74.355
73.109
70.179
68.465
64.102
62.264
61.921
63.230
64.539
66.564
72.205
75.913
77.191
77.191
75.789
75.290
74.137
72.298
73.264
72.329
70.117
66.782
63.947
60.082
55.283
51.170
47.087
44.625
43.379
42.662
41.198
40.107
39.141
38.798
37.427
35.526
35.214
34.871
33.718
32.628
30.883
31.724
30.789
29.293
28.421
27.392
26.239
24.837
25.024
24.525
23.902
23.840
23.871
23.029
22.811
22.593
22.531
22.500
22.313
22.500
22.406
22.001
21.783
21.721
21.440
21.596
21.596
21.627
21.284
21.222
21.284
21.347
21.347
21.129
21.440
21.721
22.344
22.406
24.245
25.990
31.225
36.274
42.413
47.461
53.569
59.334
64.258
67.094
69.213
72.298
74.417
75.882
76.942
77.565
78.001
75.570
74.791
74.230
72.392
71.862
69.961
69.244
70.896
70.647
71.519
73.264
79.964
82.925
84.857
85.075
84.795
79.684
74.293
72.672
71.675
71.083
70.927
68.683
65.536
62.856
57.994
57.963
54.099
51.139
48.178
46.620
45.218
43.098
41.790
40.325
39.671
38.860
37.240
36.585
35.619
34.653
33.500
32.503
31.288
30.384
29.293
27.891
26.925
26.270
25.367
25.242
25.585
25.398
24.712
24.650
24.432
23.996
23.684
23.466
23.466
23.279
23.123
22.998
22.718
22.749
22.624
22.375
22.188
22.095
21.689
21.783
21.721
21.845
21.845
21.845
22.282
22.656
22.780
22.811
24.338
25.928
29.917
34.030
37.801
41.945
45.467
49.736
53.289
55.065
56.623
58.400
58.836
59.584
60.145
60.986
62.139
62.388
60.425
59.802
58.587
55.813
52.603
51.980
50.827
51.731
52.603
54.068
58.181
60.737
61.827
61.641
61.516
60.893
59.241
57.215
57.683
56.374
55.065
53.507
51.014
47.835
44.033
41.042
37.489
36.024
34.747
34.497
34.030
32.160
31.381
31.163
30.664
29.761
29.044
29.200
28.265
27.392
26.302
26.146
25.304
24.183
23.248
22.437
21.658
21.097
20.131
20.069
20.069
20.287
19.882
19.820
19.726
19.290
19.290
19.352
19.290
19.290
19.259
19.259
19.259
19.228
19.041
18.947
18.885
18.760
19.009
19.009
19.165
19.259
19.415
19.415
19.321
19.290
19.103
19.009
18.760
17.015
16.205
16.392
16.672
16.953
16.953
17.077
17.295
17.607
17.825
16.922
16.610
16.922
16.828
16.984
17.545
17.482
17.389
17.295
17.358
17.420
17.015
17.015
17.140
17.140
17.140
16.922
17.109
17.545
17.545
17.856
18.230
18.012
17.856
17.794
17.950
17.576
18.012
17.669
17.420
17.295
17.264
17.109
16.766
17.015
18.511
18.978
19.228
19.072
19.165
18.885
18.854
18.854
18.916
18.573
18.230
18.293
18.293
18.137
17.981
18.012
18.043
17.794
17.732
17.545
17.482
17.327
17.264
17.077
17.327
17.171
16.548
16.610
16.610
16.298
16.485
16.049
16.174
16.080
16.049
15.737
15.488
15.582
15.488
15.332
15.301
15.395
15.239
15.488
15.239
15.270
15.239
15.239
15.239
15.395
15.800
16.080
16.454
16.298
15.737
16.610
17.732
18.480
18.636
18.885
19.228
19.383
19.664
19.851
20.723
20.755
20.381
20.131
19.820
19.539
19.196
18.698
17.825
18.168
17.482
17.015
17.794
18.386
18.262
18.885
19.009
19.508
19.228
18.854
19.103
19.383
19.009
19.009
18.449
18.199
18.106
17.358
16.797
16.361
16.298
17.327
18.542
18.978
18.729
18.230
18.293
17.888
17.981
18.043
17.669
18.262
17.888
17.607
17.420
17.171
17.451
17.202
17.015
17.046
16.828
16.703
16.423
16.080
16.298
16.080
16.142
15.987
15.675
15.862
15.769
15.862
15.706
15.862
15.706
15.488
15.675
15.613
15.582
15.550
15.426
15.301
15.270
15.270
15.301
15.208
15.363
15.239
15.083
15.301
15.114
14.896
15.052
14.491
14.086
14.117
12.933
12.683
12.933
13.120
13.057
13.182
13.307
13.400
13.868
14.428
15.083
15.270
15.831
15.862
15.862
15.675
15.955
15.955
15.737
15.613
15.706
15.550
15.924
15.955
16.361
16.423
16.766
16.953
16.516
17.109
17.077
16.984
16.766
17.420
17.171
17.295
16.890
16.797
17.015
16.922
16.797
16.392
17.794
19.009
18.885
18.791
18.791
18.885
18.480
18.168
18.137
18.168
18.043
17.919
17.856
17.919
18.012
17.451
17.451
17.389
17.389
17.482
17.233
17.015
17.264
17.295
17.202
16.953
16.953
16.922
16.922
16.828
16.890
17.046
17.015
16.953
16.859
16.766
16.828
17.015
16.984
16.735
16.641
16.361
16.423
16.516
16.579
16.766
16.766
16.859
16.672
16.766
16.735
15.519
14.927
14.179
13.992
14.055
14.055
14.086
14.460
14.802
14.678
14.958
14.771
14.958
15.114
15.176
14.989
15.208
15.270
15.052
14.553
14.740
14.460
14.397
14.397
14.273
14.148
14.117
14.023
13.649
14.023
13.868
14.210
14.522
14.273
14.304
14.366
14.117
14.428
14.304
14.148
14.148
14.335
14.584
15.800
17.171
17.701
17.763
17.981
18.449
18.885
18.573
18.324
17.171
17.607
17.358
17.669
17.888
17.451
17.669
17.420
17.514
17.389
17.638
17.794
17.607
17.514
17.514
17.233
16.984
16.922
16.828
16.329
16.361
16.174
16.267
15.955
15.831
15.769
15.488
15.987
15.924
16.018
15.737
15.831
15.644
15.675
15.550
15.550
15.426
15.613
15.737
15.613
15.800
16.298
16.922
19.602
21.222
25.149
28.608
30.228
32.846
35.245
37.614
39.826
41.322
41.914
43.098
43.691
45.685
45.779
46.059
46.620
46.246
45.872
46.090
45.342
44.252
42.288
42.008
40.886
41.229
42.319
43.815
45.654
47.555
47.866
47.835
47.835
47.524
46.651
46.152
45.124
44.594
44.220
43.878
42.226
39.484
37.240
35.838
34.404
33.812
33.282
31.911
31.132
29.418
29.169
29.231
27.797
26.894
25.865
25.803
25.117
25.086
24.432
24.993
24.899
23.622
23.029
22.562
21.440
20.661
20.162
19.913
19.508
18.729
18.667
18.480
18.075
17.981
17.919
17.389
17.669
17.202
16.953
17.140
16.828
16.922
16.890
16.922
16.984
16.703
16.735
16.610
16.641
16.672
16.859
16.922
16.735
16.984
17.389
17.919
19.508
21.191
25.585
27.642
29.511
31.475
32.846
34.466
36.617
37.520
37.707
38.860
39.982
40.200
40.824
41.478
41.416
40.886
41.229
40.761
39.110
38.673
38.206
37.333
36.866
36.835
37.863
38.798
40.418
40.325
39.172
39.733
39.858
40.263
39.982
39.764
40.325
39.421
37.925
37.364
36.710
35.744
34.466
32.628
31.070
31.319
32.254
31.849
29.605
29.605
28.608
28.452
27.922
27.174
27.860
26.956
26.582
26.520
25.772
25.491
24.743
24.245
23.871
22.998
21.939
21.440
20.817
20.630
20.630
20.194
20.349
19.757
19.290
18.542
18.168
18.168
17.732
17.701
17.482
17.295
17.077
17.077
16.984
16.859
16.922
16.766
16.703
16.953
16.766
16.859
16.890
16.859
16.797
17.576
18.168
18.604
19.602
21.316
24.650
26.800
29.854
31.786
33.500
35.245
37.458
37.925
38.642
38.736
39.639
40.948
41.821
42.849
42.600
43.005
42.506
41.603
40.761
39.608
38.985
39.172
38.455
37.738
37.676
39.203
40.948
41.291
41.104
41.665
41.852
42.382
42.008
42.382
41.727
41.260
40.231
40.325
38.673
36.741
35.308
33.812
32.939
32.129
30.820
31.506
31.163
30.415
30.259
30.509
29.387
28.857
29.169
29.013
28.296
28.390
28.234
27.423
27.205
26.426
25.616
24.370
23.653
22.811
21.970
22.219
21.908
21.721
20.910
20.162
20.038
19.508
19.134
18.978
18.355
18.324
18.168
18.168
18.137
18.043
17.950
17.950
17.794
17.732
17.701
17.638
17.701
17.825
17.763
17.732
17.825
17.701
18.480
19.041
20.536
22.188
25.180
27.081
30.976
33.033
34.560
36.180
38.362
39.764
40.543
41.572
41.509
41.790
43.254
42.725
42.319
42.008
42.475
42.912
41.447
41.198
40.356
39.826
39.047
39.172
38.798
39.203
40.450
41.385
41.758
41.260
40.948
40.450
40.450
39.858
39.577
39.733
39.110
40.045
37.614
36.648
36.180
34.809
33.750
32.410
32.347
33.812
32.410
31.662
31.568
31.786
31.568
30.602
29.574
28.577
28.701
28.390
28.078
27.237
27.237
27.205
25.834
25.211
24.245
23.466
23.310
22.562
22.219
21.908
21.347
21.004
20.474
20.225
19.976
20.038
19.539
19.602
19.165
18.916
18.854
18.760
18.636
18.417
18.417
18.542
18.449
18.355
18.417
18.511
18.604
18.604
18.542
18.729
19.352
19.383
20.879
22.001
24.712
26.925
30.072
32.659
35.027
37.614
39.546
41.353
42.475
43.722
43.815
45.685
47.648
47.960
47.898
47.492
47.586
47.555
46.371
44.625
42.195
41.135
40.169
39.951
40.231
40.886
42.132
42.974
42.600
41.977
41.073
41.135
40.886
40.605
39.795
39.359
39.078
38.424
36.928
36.243
34.934
32.846
32.503
31.225
31.506
31.350
29.667
29.511
29.730
29.605
28.296
28.078
26.800
26.738
26.863
26.270
25.429
24.806
24.432
23.746
23.061
21.876
21.503
20.599
20.349
20.692
20.505
20.256
19.851
19.508
19.259
18.667
18.729
18.262
18.324
17.919
18.043
17.669
17.545
17.233
17.545
17.327
17.295
17.077
17.202
17.015
16.984
16.859
17.077
16.735
16.984
16.797
17.420
17.514
18.012
17.638
17.046
16.423
16.516
16.485
16.672
17.482
17.638
17.981
18.137
19.103
19.134
19.041
19.165
19.134
19.103
19.072
18.511
19.041
19.228
18.760
17.358
16.890
16.766
17.763
17.981
17.451
17.638
18.573
18.293
18.137
17.856
17.607
17.638
17.856
18.355
18.199
17.576
17.794
17.233
17.140
17.109
16.953
17.888
18.075
19.976
21.316
21.627
21.378
21.316
21.129
21.222
20.630
20.879
21.160
20.568
20.973
20.848
20.755
20.162
20.194
20.443
19.944
19.352
19.321
19.259
18.978
19.072