24.868
24.419
23.335
22.998
22.998
22.811
22.400
22.325
21.876
21.652
21.540
21.428
21.577
21.652
21.577
21.316
21.316
21.091
20.942
21.054
21.278
21.503
21.166
21.278
21.166
21.353
21.951
23.297
24.270
25.766
29.206
31.861
35.189
37.994
41.472
43.342
45.548
47.492
47.679
49.101
49.998
52.242
53.102
53.476
55.794
57.028
56.280
57.814
57.253
56.393
54.785
52.840
53.289
53.551
55.458
57.515
62.451
65.816
67.873
68.546
69.444
69.406
69.967
68.397
66.863
66.153
60.618
57.664
58.337
55.645
51.980
47.866
44.576
41.509
39.340
37.882
36.274
37.246
36.947
36.012
35.451
35.227
34.703
33.843
32.796
32.385
31.113
30.627
30.590
29.468
28.084
26.177
24.906
24.158
23.148
23.297
23.185
23.148
22.998
22.886
22.400
22.288
22.250
22.026
21.802
21.802
21.540
21.577
21.764
21.727
21.390
21.577
21.802
21.802
21.764
21.951
21.839
22.138
21.689
22.063
21.727
21.428
21.091
21.876
21.353
20.642
20.418
19.932
20.680
20.717
20.605
21.577
22.288
22.774
22.587
22.662
22.811
22.400
22.811
23.036
22.849
22.886
23.484
23.185
23.634
22.886
22.400
22.213
22.849
23.597
23.671
23.971
24.270
24.868
24.868
25.055
24.906
24.756
24.906
25.092
24.868
24.906
24.906
24.045
23.971
24.681
24.307
25.317
23.858
23.372
23.297
23.484
23.971
23.073
22.325
22.363
22.101
21.839
21.727
21.428
21.577
21.839
21.689
22.437
21.914
21.876
21.914
21.914
21.278
21.278
20.605
20.418
20.568
21.054
20.530
20.493
20.343
20.007
19.708
19.969
19.708
19.708
19.521
18.960
19.334
18.810
18.773
18.660
19.109
19.034
18.698
18.810
18.511
18.586
18.399
18.660
18.548
18.660
18.548
18.548
17.688
15.781
16.005
15.893
16.043
15.781
15.931
16.043
16.529
16.566
16.903
16.791
16.604
16.978
17.501
18.099
18.212
18.361
17.950
17.987
18.548
18.324
18.548
18.810
18.810
18.548
18.960
18.960
19.034
18.885
19.521
19.184
18.586
18.586
18.735
19.334
19.334
19.670
19.857
19.595
19.595
19.670
20.081
19.595
19.633
19.558
19.857
21.839
23.559
23.597
23.634
23.447
23.896
23.709
23.671
23.597
23.559
23.148
23.484
23.784
23.447
23.372
22.924
22.849
22.886
22.662
22.213
21.914
21.989
21.503
21.465
21.465
21.278
21.166
21.016
20.792
20.530
20.605
20.605
20.231
19.932
20.119
19.708
19.595
19.670
19.745
19.857
19.483
19.483
19.408
19.595
19.446
19.483
20.119
20.717
21.577
22.774
23.858
29.393
31.973
34.853
37.994
41.808
44.538
47.492
49.063
50.559
50.895
51.756
53.177
53.551
54.523
56.617
56.617
56.393
56.767
56.617
56.131
54.074
53.925
54.485
54.747
56.393
59.758
65.667
68.546
70.117
69.556
70.304
69.182
68.097
67.499
67.948
66.976
65.031
63.423
60.992
57.178
51.830
48.240
44.950
43.454
41.210
41.060
40.313
38.518
39.303
38.218
36.648
35.900
35.563
35.302
34.367
33.768
32.759
32.048
31.375
30.739
29.617
28.608
27.374
26.775
26.214
24.831
24.831
23.971
24.195
23.896
23.484
23.522
22.886
22.998
22.811
22.699
22.587
22.662
22.176
21.951
21.989
21.652
21.839
21.764
21.876
21.727
21.727
21.503
21.802
21.802
21.876
21.914
22.699
22.886
25.167
26.626
30.365
33.693
36.386
40.088
43.267
47.006
51.531
53.364
53.887
55.832
56.355
57.215
58.375
60.918
62.563
63.797
63.797
64.582
63.760
62.488
61.628
61.927
62.899
63.610
65.779
68.210
73.520
78.007
80.812
82.869
83.018
83.654
82.420
81.261
79.615
77.783
75.277
72.248
70.379
64.994
60.618
55.720
51.793
48.053
45.847
45.286
44.426
43.678
42.818
41.734
40.126
39.303
38.518
37.433
36.984
36.610
35.302
34.853
34.254
32.759
31.038
29.804
28.682
28.421
27.935
26.813
26.701
26.588
25.990
25.766
25.616
25.803
25.279
25.242
24.457
24.345
24.382
24.307
24.083
23.784
23.559
23.634
23.634
23.671
23.484
23.335
23.297
23.372
23.148
23.372
23.671
23.971
24.270
24.906
25.579
26.102
32.609
38.331
42.631
48.577
52.578
59.347
67.424
72.847
75.577
80.775
83.056
84.851
85.711
86.421
89.974
89.637
88.815
87.431
86.085
83.729
81.448
80.849
81.710
83.056
86.085
89.937
96.855
100.856
101.754
101.305
101.641
100.295
97.004
93.302
86.571
84.327
79.428
74.717
70.865
66.527
60.581
55.720
52.840
51.195
48.951
46.071
44.015
41.584
40.799
40.724
39.378
39.639
38.106
37.657
37.022
36.386
35.414
34.815
34.105
33.544
32.534
31.338
30.178
29.206
28.271
28.122
28.084
27.561
27.411
27.000
26.962
26.177
25.354
25.055
25.242
25.167
24.681
24.606
24.644
24.345
24.494
24.232
24.120
23.896
23.821
23.971
24.008
24.045
23.971
23.971
23.971
24.307
24.906
25.953
26.887
27.149
31.562
36.386
41.135
46.782
52.990
58.001
62.226
65.143
67.312
69.593
70.865
72.660
71.912
73.370
74.642
76.138
76.437
74.904
73.969
73.183
69.743
69.032
69.369
70.192
71.762
73.669
80.288
85.711
87.020
87.955
88.815
89.263
88.478
86.347
83.841
83.505
79.840
77.334
74.230
70.528
65.368
59.347
55.346
51.494
49.138
48.801
47.380
45.735
44.950
44.015
41.247
40.836
39.826
39.303
38.518
37.545
36.349
35.788
35.862
34.479
33.469
32.310
30.889
29.580
28.832
29.318
29.318
28.458
27.710
27.411
27.411
27.149
27.037
26.514
26.514
26.289
25.728
25.466
25.429
25.130
25.018
25.055
24.793
24.569
24.606
24.494
24.494
24.644
24.681
24.457
24.494
24.569
25.653
26.289
27.598
28.383
32.609
36.124
40.313
45.511
50.522
54.785
58.636
60.394
60.544
62.862
63.685
64.657
64.769
63.797
63.984
64.321
62.638
62.189
61.740
59.683
56.168
53.625
52.840
52.242
52.504
54.149
55.607
56.991
58.337
58.487
59.085
58.337
57.664
55.981
54.485
52.616
51.905
49.923
47.605
44.950
42.294
39.415
38.069
36.012
34.404
34.853
35.040
34.479
33.955
33.020
31.898
31.412
31.637
31.076
31.076
29.954
29.131
28.570
27.860
27.448
26.439
25.691
24.756
23.073
22.624
22.961
22.849
22.587
22.026
21.353
21.241
21.278
21.278
21.091
21.316
21.166
20.867
20.829
20.530
20.605
20.605
20.605
20.381
20.268
20.306
20.119
20.119
20.306
20.194
19.894
19.820
19.221
19.408
20.194
20.867
19.857
19.147
18.810
18.810
19.259
19.708
19.147
20.642
22.213
21.652
20.829
20.792
20.979
21.278
21.540
21.203
20.829
20.867
21.390
21.652
20.530
20.306
20.418
19.745
19.521
19.745
20.642
20.493
20.530
20.568
20.455
20.755
20.792
20.792
21.054
20.792
21.016
20.642
20.792
20.792
20.904
21.727
20.942
21.166
21.390
22.737
24.345
24.457
24.532
24.644
23.896
24.120
24.008
23.597
23.111
23.148
23.148
22.961
23.223
23.297
22.849
22.512
22.288
22.176
21.615
21.503
21.802
21.652
21.802
21.951
21.951
21.577
21.203
21.129
20.867
20.717
20.194
20.119
19.969
19.857
20.044
19.782
19.633
19.633
19.633
19.521
19.483
19.595
19.521
19.595
19.371
19.184
19.221
19.371
19.633
19.483
18.997
18.473
17.539
17.165
16.791
16.828
16.903
16.716
16.716
17.239
17.539
17.389
17.613
18.025
18.137
18.099
18.137
18.586
18.324
18.324
18.660
18.960
19.109
19.334
19.745
18.960
19.408
19.034
18.960
19.446
19.221
19.072
19.408
19.446
19.259
19.894
19.633
19.857
19.483
19.408
19.408
19.558
19.969
19.633
20.605
22.662
23.597
23.372
23.933
24.345
23.858
23.484
23.335
23.260
23.148
23.223
23.335
22.811
22.774
22.550
22.774
22.550
22.550
22.213
22.288
22.475
22.288
21.241
21.278
21.465
21.166
21.129
21.166
21.054
20.792
20.493
20.268
20.306
20.268
20.007
20.119
19.745
19.857
19.857
19.932
19.558
19.558
19.483
19.745
19.708
19.595
19.969
20.306
21.016
21.727
22.849
24.494
29.655
31.898
34.591
36.872
40.275
43.005
46.221
48.128
48.689
49.736
51.120
52.092
52.204
52.952
54.523
54.934
54.074
54.373
53.551
53.064
51.494
50.596
50.484
50.970
52.279
53.625
58.150
60.918
62.713
63.535
64.208
66.003
65.592
64.582
64.694
64.470
63.161
61.516
58.936
55.570
51.868
47.792
43.940
41.397
38.891
40.200
39.789
38.144
37.096
36.797
36.498
35.227
34.105
33.133
32.497
32.759
31.898
31.487
31.001
30.627
29.206
28.196
27.224
26.401
25.878
25.466
24.195
24.270
23.297
23.297
22.961
23.484
23.148
22.774
22.026
21.764
21.727
21.802
21.764
21.615
21.577
21.428
21.316
21.241
21.203
21.316
21.278
21.465
21.353
21.316
21.316
21.353
21.989
22.624
24.494
26.214
31.113
33.880
37.358
39.826
42.668
44.501
46.969
49.250
50.559
51.643
53.513
54.822
55.720
55.121
55.832
55.682
54.523
54.523
54.149
53.925
52.616
51.456
50.409
50.821
50.933
52.915
56.131
57.963
60.918
59.683
60.843
61.591
61.441
59.272
58.786
57.926
57.552
56.131
53.438
51.120
47.380
44.501
43.229
41.397
41.434
40.799
39.191
37.844
38.069
36.723
36.049
34.815
33.843
33.245
32.497
32.198
30.403
30.066
29.543
29.056
27.785
27.374
25.990
25.429
24.158
23.522
24.008
23.335
23.260
22.998
22.512
22.176
22.475
21.802
21.914
21.914
21.577
21.390
21.166
21.203
21.016
21.016
21.091
21.091
20.755
20.642
20.755
21.016
20.942
21.016
21.166
21.016
21.802
23.709
25.092
26.364
30.664
33.058
37.358
41.173
44.613
48.839
52.279
53.775
55.832
56.654
58.225
60.170
61.254
62.638
63.236
64.433
63.722
63.348
62.787
62.526
60.095
58.636
58.711
60.357
61.553
63.012
66.863
69.332
69.967
69.369
69.369
68.733
67.275
66.789
66.078
65.181
63.460
61.404
59.160
54.972
51.195
48.951
46.408
43.940
41.509
40.462
39.565
38.405
38.106
37.732
37.134
36.536
35.414
34.741
34.105
33.619
33.058
33.207
32.347
31.001
30.403
28.757
27.448
26.439
25.354
25.279
25.092
24.307
24.382
23.784
23.784
23.297
22.550
22.400
22.437
22.063
22.063
22.138
21.839
21.989
21.914
21.577
21.390
21.764
21.577
21.353
21.428
21.390
21.503
21.540
21.540
21.577
21.802
22.662
23.671
25.541
27.149
28.907
32.721
36.087
39.004
41.734
44.875
46.857
47.605
49.325
50.858
51.195
51.307
52.055
52.541
53.999
54.037
53.962
53.476
52.242
49.923
48.278
47.642
47.530
49.699
52.130
56.954
59.646
61.628
63.049
62.825
63.722
63.348
62.376
61.067
60.207
59.908
57.888
57.888
54.710
51.531
47.455
44.276
40.873
38.854
37.994
38.256
37.134
36.723
36.461
36.162
35.152
34.928
34.180
34.030
33.320
32.609
31.898
32.085
31.300
29.730
28.495
27.523
25.840
25.541
25.728
26.327
25.242
24.831
24.644
24.644
23.971
23.709
23.709
23.559
23.746
23.559
22.886
22.961
23.111
23.036
23.148
22.587
22.550
22.550
22.512
22.400
22.475
22.849
22.512
22.475
22.662
23.185
23.821
25.915
27.748
31.861
35.601
38.293
41.509
46.408
51.681
57.365
61.030
64.582
66.602
66.826
68.060
71.201
72.996
76.100
75.390
75.390
75.951
75.203
73.370
71.314
70.266
70.865
71.650
74.343
78.157
82.607
85.524
86.721
87.992
87.655
87.394
85.673
84.626
83.542
82.345
79.279
75.988
72.211
66.676
59.908
52.877
48.465
46.071
43.267
43.828
42.968
42.519
42.781
41.696
40.612
39.976
39.490
38.555
37.732
37.171
35.563
34.329
33.432
32.833
31.151
30.104
29.094
28.122
27.523
27.187
26.813
26.514
26.925
27.037
27.037
26.551
26.588
26.663
26.813
26.439
26.289
26.140
26.065
26.140
26.177
25.803
25.803
26.065
25.990
25.691
26.065
25.616
25.504
25.242
25.579
25.541
25.691
26.401
25.915
24.681
23.746
24.793
25.055
25.167
25.878
26.775
28.009
28.832
29.019
29.468
30.290
30.814
30.552
30.365
30.440
30.477
30.851
30.403
29.692
29.543
29.019
28.795
28.608
29.243
29.356
29.617
29.767
30.814
31.076
31.300
30.777
30.590
30.477
30.964
30.253
29.767
29.692
29.617
29.131
29.393
28.757
28.570
27.785
27.523
27.224
28.757
29.879
30.739
29.879
29.767
29.991
29.767
28.869
28.757
29.056
28.271
27.860
27.673
27.486
27.074
27.112
26.813
26.850
26.476
26.252
26.065
25.953
26.027
26.214
26.327
25.840
25.915
25.766
25.878
25.579
25.878
26.027
25.541
25.392
25.504
25.616
25.579
25.579
25.205
25.130
25.130
25.167
24.906
25.055
24.756
24.868
24.644
24.419
24.457
25.018
24.008
21.727
21.503
21.652
21.727
21.914
21.914
22.363
22.699
23.410
23.858
23.484
23.597
23.821
24.008
24.195
24.382
24.569
24.345
24.382
24.569
24.532
24.494
24.457
24.606
24.606
24.532
24.793
25.392
25.504
26.065
25.915
26.214
26.514
26.551
26.588
26.401
26.701
26.401
26.775
26.514
26.252
25.915
25.466
25.392
25.541
27.598
28.383
28.383
28.234
29.094
29.206
28.757
29.094
28.832
28.795
28.570
28.982
28.570
28.982
28.533
28.495
28.271
27.710
27.785
27.673
28.084
28.084
27.598
27.598
27.710
27.187
26.738
26.551
25.840
25.953
25.279
24.980
25.130
25.092
24.868
24.793
24.532
24.756
24.756
25.092
24.943
24.943
25.354
25.392
25.653
25.803
25.541
25.766
26.439
27.822
30.290
37.695
44.351
51.494
57.589
65.068
73.071
79.054
82.457
85.860
88.590
90.834
91.582
89.750
89.151
89.488
89.712
89.226
87.730
84.215
82.158
76.923
74.717
74.305
75.876
77.446
79.877
86.646
91.096
92.629
92.629
90.946
90.348
88.964
86.758
87.917
86.795
84.140
80.139
76.736
72.099
66.340
61.404
56.505
53.551
52.055
51.195
49.437
48.128
46.969
46.558
44.912
42.631
42.257
41.846
40.462
39.153
37.059
38.069
36.947
35.152
34.105
32.871
31.487
29.804
30.029
29.430
28.682
28.608
28.645
27.635
27.374
27.112
27.037
27.000
26.775
27.000
26.887
26.401
26.140
26.065
25.728
25.915
25.915
25.953
25.541
25.466
25.541
25.616
25.616
25.354
25.728
26.065
26.813
26.887
29.094
31.188
37.470
43.529
50.895
56.954
64.283
71.201
77.110
80.513
83.056
86.758
89.301
91.058
92.330
93.078
93.601
90.684
89.750
89.076
86.870
86.234
83.953
83.093
85.075
84.776
85.823
87.917
95.957
99.510
101.828
102.090
101.754
95.621
89.151
87.207
86.010
85.299
85.113
82.420
78.643
75.427
69.593
69.556
64.919
61.366
57.814
55.944
54.261
51.718
50.148
48.390
47.605
46.632
44.688
43.903
42.743
41.584
40.200
39.004
37.545
36.461
35.152
33.469
32.310
31.525
30.440
30.290
30.702
30.477
29.655
29.580
29.318
28.795
28.421
28.159
28.159
27.935
27.748
27.598
27.261
27.299
27.149
26.850
26.626
26.514
26.027
26.140
26.065
26.214
26.214
26.214
26.738
27.187
27.336
27.374
29.206
31.113
35.900
40.836
45.361
50.335
54.560
59.683
63.947
66.078
67.948
70.079
70.603
71.501
72.174
73.183
74.567
74.866
72.510
71.762
70.304
66.976
63.124
62.376
60.992
62.077
63.124
64.881
69.818
72.884
74.193
73.969
73.819
73.071
71.089
68.658
69.219
67.649
66.078
64.208
61.217
57.402
52.840
49.250
44.987
43.229
41.696
41.397
40.836
38.592
37.657
37.396
36.797
35.713
34.853
35.040
33.918
32.871
31.562
31.375
30.365
29.019
27.897
26.925
25.990
25.317
24.158
24.083
24.083
24.345
23.858
23.784
23.671
23.148
23.148
23.223
23.148
23.148
23.111
23.111
23.111
23.073
22.849
22.737
22.662
22.512
22.811
22.811
22.998
23.111
23.297
23.297
23.185
23.148
22.924
22.811
22.512
20.418
19.446
19.670
20.007
20.343
20.343
20.493
20.755
21.129
21.390
20.306
19.932
20.306
20.194
20.381
21.054
20.979
20.867
20.755
20.829
20.904
20.418
20.418
20.568
20.568
20.568
20.306
20.530
21.054
21.054
21.428
21.876
21.615
21.428
21.353
21.540
21.091
21.615
21.203
20.904
20.755
20.717
20.530
20.119
20.418
22.213
22.774
23.073
22.886
22.998
22.662
22.624
22.624
22.699
22.288
21.876
21.951
21.951
21.764
21.577
21.615
21.652
21.353
21.278
21.054
20.979
20.792
20.717
20.493
20.792
20.605
19.857
19.932
19.932
19.558
19.782
19.259
19.408
19.296
19.259
18.885
18.586
18.698
18.586
18.399
18.361
18.473
18.286
18.586
18.286
18.324
18.286
18.286
18.286
18.473
18.960
19.296
19.745
19.558
18.885
19.932
21.278
22.176
22.363
22.662
23.073
23.260
23.597
23.821
24.868
24.906
24.457
24.158
23.784
23.447
23.036
22.437
21.390
21.802
20.979
20.418
21.353
22.063
21.914
22.662
22.811
23.410
23.073
22.624
22.924
23.260
22.811
22.811
22.138
21.839
21.727
20.829
20.156
19.633
19.558
20.792
22.250
22.774
22.475
21.876
21.951
21.465
21.577
21.652
21.203
21.914
21.465
21.129
20.904
20.605
20.942
20.642
20.418
20.455
20.194
20.044
19.708
19.296
19.558
19.296
19.371
19.184
18.810
19.034
18.922
19.034
18.847
19.034
18.847
18.586
18.810
18.735
18.698
18.660
18.511
18.361
18.324
18.324
18.361
18.249
18.436
18.286
18.099
18.361
18.137
17.875
18.062
17.389
16.903
16.940
15.519
15.220
15.519
15.744
15.669
15.818
15.968
16.080
16.641
17.314
18.099
18.324
18.997
19.034
19.034
18.810
19.147
19.147
18.885
18.735
18.847
18.660
19.109
19.147
19.633
19.708
20.119
20.343
19.820
20.530
20.493
20.381
20.119
20.904
20.605
20.755
20.268
20.156
20.418
20.306
20.156
19.670
21.353
22.811
22.662
22.550
22.550
22.662
22.176
21.802
21.764
21.802
21.652
21.503
21.428
21.503
21.615
20.942
20.942
20.867
20.867
20.979
20.680
20.418
20.717
20.755
20.642
20.343
20.343
20.306
20.306
20.194
20.268
20.455
20.418
20.343
20.231
20.119
20.194
20.418
20.381
20.081
19.969
19.633
19.708
19.820
19.894
20.119
20.119
20.231
20.007
20.119
20.081
18.623
17.913
17.015
16.791
16.865
16.865
16.903
17.352
17.763
17.613
17.950
17.726
17.950
18.137
18.212
17.987
18.249
18.324
18.062
17.464
17.688
17.352
17.277
17.277
17.127
16.978
16.940
16.828
16.379
16.828
16.641
17.052
17.426
17.127
17.165
17.239
16.940
17.314
17.165
16.978
16.978
17.202
17.501
18.960
20.605
21.241
21.316
21.577
22.138
22.662
22.288
21.989
20.605
21.129
20.829
21.203
21.465
20.942
21.203
20.904
21.016
20.867
21.166
21.353
21.129
21.016
21.016
20.680
20.381
20.306
20.194
19.595
19.633
19.408
19.521
19.147
18.997
18.922
18.586
19.184
19.109
19.221
18.885
18.997
18.773
18.810
18.660
18.660
18.511
18.735
18.885
18.735
18.960
19.558
20.306
23.522
25.466
30.178
34.329
36.274
39.415
42.294
45.137
47.792
49.587
50.297
51.718
52.429
54.822
54.934
55.271
55.944
55.495
55.046
55.308
54.411
53.102
50.746
50.409
49.063
49.474
50.783
52.578
54.785
57.066
57.440
57.402
57.402
57.028
55.981
55.383
54.149
53.513
53.064
52.653
50.671
47.380
44.688
43.005
41.285
40.574
39.939
38.293
37.358
35.302
35.002
35.077
33.357
32.272
31.038
30.964
30.141
30.104
29.318
29.991
29.879
28.346
27.635
27.074
25.728
24.793
24.195
23.896
23.410
22.475
22.400
22.176
21.689
21.577
21.503
20.867
21.203
20.642
20.343
20.568
20.194
20.306
20.268
20.306
20.381
20.044
20.081
19.932
19.969
20.007
20.231
20.306
20.081
20.381
20.867
21.503
23.410
25.429
30.702
33.170
35.414
37.770
39.415
41.360
43.940
45.024
45.249
46.632
47.979
48.240
48.988
49.774
49.699
49.063
49.474
48.914
46.932
46.408
45.847
44.800
44.239
44.202
45.436
46.558
48.502
48.390
47.006
47.679
47.829
48.315
47.979
47.717
48.390
47.306
45.511
44.837
44.052
42.893
41.360
39.153
37.283
37.583
38.705
38.218
35.526
35.526
34.329
34.142
33.507
32.609
33.432
32.347
31.898
31.824
30.926
30.590
29.692
29.094
28.645
27.598
26.327
25.728
24.980
24.756
24.756
24.232
24.419
23.709
23.148
22.250
21.802
21.802
21.278
21.241
20.979
20.755
20.493
20.493
20.381
20.231
20.306
20.119
20.044
20.343
20.119
20.231
20.268
20.231
20.156
21.091
21.802
22.325
23.522
25.579
29.580
32.160
35.825
38.144
40.200
42.294
44.950
45.511
46.371
46.483
47.567
49.138
50.185
51.419
51.120
51.606
51.008
49.923
48.914
47.530
46.782
47.006
46.146
45.286
45.211
47.044
49.138
49.549
49.325
49.998
50.222
50.858
50.409
50.858
50.073
49.512
48.278
48.390
46.408
44.089
42.369
40.574
39.527
38.555
36.984
37.807
37.396
36.498
36.311
36.610
35.264
34.628
35.002
34.815
33.955
34.067
33.880
32.908
32.646
31.712
30.739
29.243
28.383
27.374
26.364
26.663
26.289
26.065
25.092
24.195
24.045
23.410
22.961
22.774
22.026
21.989
21.802
21.802
21.764
21.652
21.540
21.540
21.353
21.278
21.241
21.166
21.241
21.390
21.316
21.278
21.390
21.241
22.176
22.849
24.644
26.626
30.216
32.497
37.171
39.639
41.472
43.416
46.034
47.717
48.652
49.886
49.811
50.148
51.905
51.269
50.783
50.409
50.970
51.494
49.736
49.437
48.427
47.792
46.857
47.006
46.558
47.044
48.540
49.661
50.110
49.512
49.138
48.540
48.540
47.829
47.492
47.679
46.932
48.053
45.137
43.977
43.416
41.771
40.499
38.891
38.817
40.574
38.891
37.994
37.882
38.144
37.882
36.723
35.488
34.292
34.441
34.067
33.693
32.684
32.684
32.646
31.001
30.253
29.094
28.159
27.972
27.074
26.663
26.289
25.616
25.205
24.569
24.270
23.971
24.045
23.447
23.522
22.998
22.699
22.624
22.512
22.363
22.101
22.101
22.250
22.138
22.026
22.101
22.213
22.325
22.325
22.250
22.475
23.223
23.260
25.055
26.401
29.655
32.310
36.087
39.191
42.033
45.137
47.455
49.624
50.970
52.466
52.578
54.822
57.178
57.552
57.477
56.991
57.103
57.066
55.645
53.551
50.634
49.362
48.203
47.941
48.278
49.063
50.559
51.569
51.120
50.372
49.287
49.362
49.063
48.727
47.754
47.231
46.894
46.109
44.314
43.491
41.921
39.415
39.004
37.470
37.807
37.620
35.601
35.414
35.675
35.526
33.955
33.693
32.160
32.085
32.235
31.525
30.515
29.767
29.318
28.495
27.673
26.252
25.803
24.719
24.419
24.831
24.606
24.307
23.821
23.410
23.111
22.400
22.475
21.914
21.989
21.503
21.652
21.203
21.054
20.680
21.054
20.792
20.755
20.493
20.642
20.418
20.381
20.231
20.493
20.081
20.381
20.156
20.904
21.016
21.615
21.166
20.455
19.708
19.820
19.782
20.007
20.979
21.166
21.577
21.764
22.924
22.961
22.849
22.998
22.961
22.924
22.886
22.213
22.849
23.073
22.512
20.829
20.268
20.119
21.316
21.577
20.942
21.166
22.288
21.951
21.764
21.428
21.129
21.166
21.428
22.026
21.839
21.091
21.353
20.680
20.568
20.530
20.343
21.465
21.689
23.971
25.579
25.953
25.653
25.579
25.354
25.466
24.756
25.055
25.392
24.681
25.167
25.018
24.906
24.195
24.232
24.532
23.933
23.223
23.185
23.111
22.774
22.886