1.243
1.221
1.167
1.150
1.150
1.141
1.120
1.116
1.094
1.083
1.077
1.071
1.079
1.083
1.079
1.066
1.066
1.055
1.047
1.053
1.064
1.075
1.058
1.064
1.058
1.068
1.098
1.165
1.213
1.288
1.460
1.593
1.759
1.900
2.074
2.167
2.277
2.375
2.384
2.455
2.500
2.612
2.655
2.674
2.790
2.851
2.814
2.891
2.863
2.820
2.739
2.642
2.664
2.678
2.773
2.876
3.123
3.291
3.394
3.427
3.472
3.470
3.498
3.420
3.343
3.308
3.031
2.883
2.917
2.782
2.599
2.393
2.229
2.075
1.967
1.894
1.814
1.862
1.847
1.801
1.773
1.761
1.735
1.692
1.640
1.619
1.556
1.531
1.529
1.473
1.404
1.309
1.245
1.208
1.157
1.165
1.159
1.157
1.150
1.144
1.120
1.114
1.113
1.101
1.090
1.090
1.077
1.079
1.088
1.086
1.070
1.079
1.090
1.090
1.088
1.098
1.092
1.107
1.084
1.103
1.086
1.071
1.055
1.094
1.068
1.032
1.021
0.997
1.034
1.036
1.030
1.079
1.114
1.139
1.129
1.133
1.141
1.120
1.141
1.152
1.142
1.144
1.174
1.159
1.182
1.144
1.120
1.111
1.142
1.180
1.184
1.199
1.213
1.243
1.243
1.253
1.245
1.238
1.245
1.255
1.243
1.245
1.245
1.202
1.199
1.234
1.215
1.266
1.193
1.169
1.165
1.174
1.199
1.154
1.116
1.118
1.105
1.092
1.086
1.071
1.079
1.092
1.084
1.122
1.096
1.094
1.096
1.096
1.064
1.064
1.030
1.021
1.028
1.053
1.027
1.025
1.017
1.000
0.985
0.998
0.985
0.985
0.976
0.948
0.967
0.941
0.939
0.933
0.955
0.952
0.935
0.941
0.926
0.929
0.920
0.933
0.927
0.933
0.927
0.927
0.884
0.789
0.800
0.795
0.802
0.789
0.797
0.802
0.826
0.828
0.845
0.840
0.830
0.849
0.875
0.905
0.911
0.918
0.897
0.899
0.927
0.916
0.927
0.941
0.941
0.927
0.948
0.948
0.952
0.944
0.976
0.959
0.929
0.929
0.937
0.967
0.967
0.984
0.993
0.980
0.980
0.984
1.004
0.980
0.982
0.978
0.993
1.092
1.178
1.180
1.182
1.172
1.195
1.185
1.184
1.180
1.178
1.157
1.174
1.189
1.172
1.169
1.146
1.142
1.144
1.133
1.111
1.096
1.099
1.075
1.073
1.073
1.064
1.058
1.051
1.040
1.027
1.030
1.030
1.012
0.997
1.006
0.985
0.980
0.984
0.987
0.993
0.974
0.974
0.970
0.980
0.972
0.974
1.006
1.036
1.079
1.139
1.193
1.470
1.599
1.743
1.900
2.090
2.227
2.375
2.453
2.528
2.545
2.588
2.659
2.678
2.726
2.831
2.831
2.820
2.838
2.831
2.807
2.704
2.696
2.724
2.737
2.820
2.988
3.283
3.427
3.506
3.478
3.515
3.459
3.405
3.375
3.397
3.349
3.252
3.171
3.050
2.859
2.592
2.412
2.247
2.173
2.061
2.053
2.016
1.926
1.965
1.911
1.832
1.795
1.778
1.765
1.718
1.688
1.638
1.602
1.569
1.537
1.481
1.430
1.369
1.339
1.311
1.242
1.242
1.199
1.210
1.195
1.174
1.176
1.144
1.150
1.141
1.135
1.129
1.133
1.109
1.098
1.099
1.083
1.092
1.088
1.094
1.086
1.086
1.075
1.090
1.090
1.094
1.096
1.135
1.144
1.258
1.331
1.518
1.685
1.819
2.004
2.163
2.350
2.577
2.668
2.694
2.792
2.818
2.861
2.919
3.046
3.128
3.190
3.190
3.229
3.188
3.124
3.081
3.096
3.145
3.181
3.289
3.410
3.676
3.900
4.041
4.143
4.151
4.183
4.121
4.063
3.981
3.889
3.764
3.612
3.519
3.250
3.031
2.786
2.590
2.403
2.292
2.264
2.221
2.184
2.141
2.087
2.006
1.965
1.926
1.872
1.849
1.831
1.765
1.743
1.713
1.638
1.552
1.490
1.434
1.421
1.397
1.341
1.335
1.329
1.299
1.288
1.281
1.290
1.264
1.262
1.223
1.217
1.219
1.215
1.204
1.189
1.178
1.182
1.182
1.184
1.174
1.167
1.165
1.169
1.157
1.169
1.184
1.199
1.213
1.245
1.279
1.305
1.630
1.917
2.132
2.429
2.629
2.967
3.371
3.642
3.779
4.039
4.153
4.243
4.286
4.321
4.499
4.482
4.441
4.372
4.304
4.186
4.072
4.042
4.085
4.153
4.304
4.497
4.843
5.043
5.088
5.065
5.082
5.015
4.850
4.665
4.329
4.216
3.971
3.736
3.543
3.326
3.029
2.786
2.642
2.560
2.448
2.304
2.201
2.079
2.040
2.036
1.969
1.982
1.905
1.883
1.851
1.819
1.771
1.741
1.705
1.677
1.627
1.567
1.509
1.460
1.414
1.406
1.404
1.378
1.371
1.350
1.348
1.309
1.268
1.253
1.262
1.258
1.234
1.230
1.232
1.217
1.225
1.212
1.206
1.195
1.191
1.199
1.200
1.202
1.199
1.199
1.199
1.215
1.245
1.298
1.344
1.357
1.578
1.819
2.057
2.339
2.649
2.900
3.111
3.257
3.366
3.480
3.543
3.633
3.596
3.669
3.732
3.807
3.822
3.745
3.698
3.659
3.487
3.452
3.468
3.510
3.588
3.683
4.014
4.286
4.351
4.398
4.441
4.463
4.424
4.317
4.192
4.175
3.992
3.867
3.712
3.526
3.268
2.967
2.767
2.575
2.457
2.440
2.369
2.287
2.247
2.201
2.062
2.042
1.991
1.965
1.926
1.877
1.817
1.789
1.793
1.724
1.673
1.615
1.544
1.479
1.442
1.466
1.466
1.423
1.386
1.371
1.371
1.357
1.352
1.326
1.326
1.314
1.286
1.273
1.271
1.256
1.251
1.253
1.240
1.228
1.230
1.225
1.225
1.232
1.234
1.223
1.225
1.228
1.283
1.314
1.380
1.419
1.630
1.806
2.016
2.276
2.526
2.739
2.932
3.020
3.027
3.143
3.184
3.233
3.238
3.190
3.199
3.216
3.132
3.109
3.087
2.984
2.808
2.681
2.642
2.612
2.625
2.707
2.780
2.850
2.917
2.924
2.954
2.917
2.883
2.799
2.724
2.631
2.595
2.496
2.380
2.247
2.115
1.971
1.903
1.801
1.720
1.743
1.752
1.724
1.698
1.651
1.595
1.571
1.582
1.554
1.554
1.498
1.457
1.429
1.393
1.372
1.322
1.285
1.238
1.154
1.131
1.148
1.142
1.129
1.101
1.068
1.062
1.064
1.064
1.055
1.066
1.058
1.043
1.041
1.027
1.030
1.030
1.030
1.019
1.013
1.015
1.006
1.006
1.015
1.010
0.995
0.991
0.961
0.970
1.010
1.043
0.993
0.957
0.941
0.941
0.963
0.985
0.957
1.032
1.111
1.083
1.041
1.040
1.049
1.064
1.077
1.060
1.041
1.043
1.070
1.083
1.027
1.015
1.021
0.987
0.976
0.987
1.032
1.025
1.027
1.028
1.023
1.038
1.040
1.040
1.053
1.040
1.051
1.032
1.040
1.040
1.045
1.086
1.047
1.058
1.070
1.137
1.217
1.223
1.227
1.232
1.195
1.206
1.200
1.180
1.156
1.157
1.157
1.148
1.161
1.165
1.142
1.126
1.114
1.109
1.081
1.075
1.090
1.083
1.090
1.098
1.098
1.079
1.060
1.056
1.043
1.036
1.010
1.006
0.998
0.993
1.002
0.989
0.982
0.982
0.982
0.976
0.974
0.980
0.976
0.980
0.969
0.959
0.961
0.969
0.982
0.974
0.950
0.924
0.877
0.858
0.840
0.841
0.845
0.836
0.836
0.862
0.877
0.869
0.881
0.901
0.907
0.905
0.907
0.929
0.916
0.916
0.933
0.948
0.955
0.967
0.987
0.948
0.970
0.952
0.948
0.972
0.961
0.954
0.970
0.972
0.963
0.995
0.982
0.993
0.974
0.970
0.970
0.978
0.998
0.982
1.030
1.133
1.180
1.169
1.197
1.217
1.193
1.174
1.167
1.163
1.157
1.161
1.167
1.141
1.139
1.127
1.139
1.127
1.127
1.111
1.114
1.124
1.114
1.062
1.064
1.073
1.058
1.056
1.058
1.053
1.040
1.025
1.013
1.015
1.013
1.000
1.006
0.987
0.993
0.993
0.997
0.978
0.978
0.974
0.987
0.985
0.980
0.998
1.015
1.051
1.086
1.142
1.225
1.483
1.595
1.730
1.844
2.014
2.150
2.311
2.406
2.434
2.487
2.556
2.605
2.610
2.648
2.726
2.747
2.704
2.719
2.678
2.653
2.575
2.530
2.524
2.549
2.614
2.681
2.908
3.046
3.136
3.177
3.210
3.300
3.280
3.229
3.235
3.224
3.158
3.076
2.947
2.778
2.593
2.390
2.197
2.070
1.945
2.010
1.989
1.907
1.855
1.840
1.825
1.761
1.705
1.657
1.625
1.638
1.595
1.574
1.550
1.531
1.460
1.410
1.361
1.320
1.294
1.273
1.210
1.213
1.165
1.165
1.148
1.174
1.157
1.139
1.101
1.088
1.086
1.090
1.088
1.081
1.079
1.071
1.066
1.062
1.060
1.066
1.064
1.073
1.068
1.066
1.066
1.068
1.099
1.131
1.225
1.311
1.556
1.694
1.868
1.991
2.133
2.225
2.348
2.463
2.528
2.582
2.676
2.741
2.786
2.756
2.792
2.784
2.726
2.726
2.707
2.696
2.631
2.573
2.520
2.541
2.547
2.646
2.807
2.898
3.046
2.984
3.042
3.080
3.072
2.964
2.939
2.896
2.878
2.807
2.672
2.556
2.369
2.225
2.161
2.070
2.072
2.040
1.960
1.892
1.903
1.836
1.802
1.741
1.692
1.662
1.625
1.610
1.520
1.503
1.477
1.453
1.389
1.369
1.299
1.271
1.208
1.176
1.200
1.167
1.163
1.150
1.126
1.109
1.124
1.090
1.096
1.096
1.079
1.070
1.058
1.060
1.051
1.051
1.055
1.055
1.038
1.032
1.038
1.051
1.047
1.051
1.058
1.051
1.090
1.185
1.255
1.318
1.533
1.653
1.868
2.059
2.231
2.442
2.614
2.689
2.792
2.833
2.911
3.008
3.063
3.132
3.162
3.222
3.186
3.167
3.139
3.126
3.005
2.932
2.936
3.018
3.078
3.151
3.343
3.467
3.498
3.468
3.468
3.437
3.364
3.339
3.304
3.259
3.173
3.070
2.958
2.749
2.560
2.448
2.320
2.197
2.075
2.023
1.978
1.920
1.905
1.887
1.857
1.827
1.771
1.737
1.705
1.681
1.653
1.660
1.617
1.550
1.520
1.438
1.372
1.322
1.268
1.264
1.255
1.215
1.219
1.189
1.189
1.165
1.127
1.120
1.122
1.103
1.103
1.107
1.092
1.099
1.096
1.079
1.070
1.088
1.079
1.068
1.071
1.070
1.075
1.077
1.077
1.079
1.090
1.133
1.184
1.277
1.357
1.445
1.636
1.804
1.950
2.087
2.244
2.343
2.380
2.466
2.543
2.560
2.565
2.603
2.627
2.700
2.702
2.698
2.674
2.612
2.496
2.414
2.382
2.376
2.485
2.606
2.848
2.982
3.081
3.152
3.141
3.186
3.167
3.119
3.053
3.010
2.995
2.894
2.894
2.735
2.577
2.373
2.214
2.044
1.943
1.900
1.913
1.857
1.836
1.823
1.808
1.758
1.746
1.709
1.702
1.666
1.630
1.595
1.604
1.565
1.486
1.425
1.376
1.292
1.277
1.286
1.316
1.262
1.242
1.232
1.232
1.199
1.185
1.185
1.178
1.187
1.178
1.144
1.148
1.156
1.152
1.157
1.129
1.127
1.127
1.126
1.120
1.124
1.142
1.126
1.124
1.133
1.159
1.191
1.296
1.387
1.593
1.780
1.915
2.075
2.320
2.584
2.868
3.051
3.229
3.330
3.341
3.403
3.560
3.650
3.805
3.769
3.769
3.798
3.760
3.669
3.566
3.513
3.543
3.583
3.717
3.908
4.130
4.276
4.336
4.400
4.383
4.370
4.284
4.231
4.177
4.117
3.964
3.799
3.611
3.334
2.995
2.644
2.423
2.304
2.163
2.191
2.148
2.126
2.139
2.085
2.031
1.999
1.974
1.928
1.887
1.859
1.778
1.716
1.672
1.642
1.558
1.505
1.455
1.406
1.376
1.359
1.341
1.326
1.346
1.352
1.352
1.328
1.329
1.333
1.341
1.322
1.314
1.307
1.303
1.307
1.309
1.290
1.290
1.303
1.299
1.285
1.303
1.281
1.275
1.262
1.279
1.277
1.285
1.320
1.296
1.234
1.187
1.240
1.253
1.258
1.294
1.339
1.400
1.442
1.451
1.473
1.515
1.541
1.528
1.518
1.522
1.524
1.543
1.520
1.485
1.477
1.451
1.440
1.430
1.462
1.468
1.481
1.488
1.541
1.554
1.565
1.539
1.529
1.524
1.548
1.513
1.488
1.485
1.481
1.457
1.470
1.438
1.429
1.389
1.376
1.361
1.438
1.494
1.537
1.494
1.488
1.500
1.488
1.443
1.438
1.453
1.414
1.393
1.384
1.374
1.354
1.356
1.341
1.343
1.324
1.313
1.303
1.298
1.301
1.311
1.316
1.292
1.296
1.288
1.294
1.279
1.294
1.301
1.277
1.270
1.275
1.281
1.279
1.279
1.260
1.256
1.256
1.258
1.245
1.253
1.238
1.243
1.232
1.221
1.223
1.251
1.200
1.086
1.075
1.083
1.086
1.096
1.096
1.118
1.135
1.170
1.193
1.174
1.180
1.191
1.200
1.210
1.219
1.228
1.217
1.219
1.228
1.227
1.225
1.223
1.230
1.230
1.227
1.240
1.270
1.275
1.303
1.296
1.311
1.326
1.328
1.329
1.320
1.335
1.320
1.339
1.326
1.313
1.296
1.273
1.270
1.277
1.380
1.419
1.419
1.412
1.455
1.460
1.438
1.455
1.442
1.440
1.429
1.449
1.429
1.449
1.427
1.425
1.414
1.386
1.389
1.384
1.404
1.404
1.380
1.380
1.386
1.359
1.337
1.328
1.292
1.298
1.264
1.249
1.256
1.255
1.243
1.240
1.227
1.238
1.238
1.255
1.247
1.247
1.268
1.270
1.283
1.290
1.277
1.288
1.322
1.391
1.515
1.885
2.218
2.575
2.879
3.253
3.654
3.953
4.123
4.293
4.430
4.542
4.579
4.487
4.458
4.474
4.486
4.461
4.387
4.211
4.108
3.846
3.736
3.715
3.794
3.872
3.994
4.332
4.555
4.631
4.631
4.547
4.517
4.448
4.338
4.396
4.340
4.207
4.007
3.837
3.605
3.317
3.070
2.825
2.678
2.603
2.560
2.472
2.406
2.348
2.328
2.246
2.132
2.113
2.092
2.023
1.958
1.853
1.903
1.847
1.758
1.705
1.644
1.574
1.490
1.501
1.472
1.434
1.430
1.432
1.382
1.369
1.356
1.352
1.350
1.339
1.350
1.344
1.320
1.307
1.303
1.286
1.296
1.296
1.298
1.277
1.273
1.277
1.281
1.281
1.268
1.286
1.303
1.341
1.344
1.455
1.559
1.874
2.176
2.545
2.848
3.214
3.560
3.855
4.026
4.153
4.338
4.465
4.553
4.616
4.654
4.680
4.534
4.487
4.454
4.344
4.312
4.198
4.155
4.254
4.239
4.291
4.396
4.798
4.975
5.091
5.105
5.088
4.781
4.458
4.360
4.301
4.265
4.256
4.121
3.932
3.771
3.480
3.478
3.246
3.068
2.891
2.797
2.713
2.586
2.507
2.419
2.380
2.332
2.234
2.195
2.137
2.079
2.010
1.950
1.877
1.823
1.758
1.673
1.615
1.576
1.522
1.515
1.535
1.524
1.483
1.479
1.466
1.440
1.421
1.408
1.408
1.397
1.387
1.380
1.363
1.365
1.357
1.343
1.331
1.326
1.301
1.307
1.303
1.311
1.311
1.311
1.337
1.359
1.367
1.369
1.460
1.556
1.795
2.042
2.268
2.517
2.728
2.984
3.197
3.304
3.397
3.504
3.530
3.575
3.609
3.659
3.728
3.743
3.626
3.588
3.515
3.349
3.156
3.119
3.050
3.104
3.156
3.244
3.491
3.644
3.710
3.698
3.691
3.654
3.554
3.433
3.461
3.382
3.304
3.210
3.061
2.870
2.642
2.463
2.249
2.161
2.085
2.070
2.042
1.930
1.883
1.870
1.840
1.786
1.743
1.752
1.696
1.644
1.578
1.569
1.518
1.451
1.395
1.346
1.299
1.266
1.208
1.204
1.204
1.217
1.193
1.189
1.184
1.157
1.157
1.161
1.157
1.157
1.156
1.156
1.156
1.154
1.142
1.137
1.133
1.126
1.141
1.141
1.150
1.156
1.165
1.165
1.159
1.157
1.146
1.141
1.126
1.021
0.972
0.984
1.000
1.017
1.017
1.025
1.038
1.056
1.070
1.015
0.997
1.015
1.010
1.019
1.053
1.049
1.043
1.038
1.041
1.045
1.021
1.021
1.028
1.028
1.028
1.015
1.027
1.053
1.053
1.071
1.094
1.081
1.071
1.068
1.077
1.055
1.081
1.060
1.045
1.038
1.036
1.027
1.006
1.021
1.111
1.139
1.154
1.144
1.150
1.133
1.131
1.131
1.135
1.114
1.094
1.098
1.098
1.088
1.079
1.081
1.083
1.068
1.064
1.053
1.049
1.040
1.036
1.025
1.040
1.030
0.993
0.997
0.997
0.978
0.989
0.963
0.970
0.965
0.963
0.944
0.929
0.935
0.929
0.920
0.918
0.924
0.914
0.929
0.914
0.916
0.914
0.914
0.914
0.924
0.948
0.965
0.987
0.978
0.944
0.997
1.064
1.109
1.118
1.133
1.154
1.163
1.180
1.191
1.243
1.245
1.223
1.208
1.189
1.172
1.152
1.122
1.070
1.090
1.049
1.021
1.068
1.103
1.096
1.133
1.141
1.170
1.154
1.131
1.146
1.163
1.141
1.141
1.107
1.092
1.086
1.041
1.008
0.982
0.978
1.040
1.113
1.139
1.124
1.094
1.098
1.073
1.079
1.083
1.060
1.096
1.073
1.056
1.045
1.030
1.047
1.032
1.021
1.023
1.010
1.002
0.985
0.965
0.978
0.965
0.969
0.959
0.941
0.952
0.946
0.952
0.942
0.952
0.942
0.929
0.941
0.937
0.935
0.933
0.926
0.918
0.916
0.916
0.918
0.912
0.922
0.914
0.905
0.918
0.907
0.894
0.903
0.869
0.845
0.847
0.776
0.761
0.776
0.787
0.783
0.791
0.798
0.804
0.832
0.866
0.905
0.916
0.950
0.952
0.952
0.941
0.957
0.957
0.944
0.937
0.942
0.933
0.955
0.957
0.982
0.985
1.006
1.017
0.991
1.027
1.025
1.019
1.006
1.045
1.030
1.038
1.013
1.008
1.021
1.015
1.008
0.984
1.068
1.141
1.133
1.127
1.127
1.133
1.109
1.090
1.088
1.090
1.083
1.075
1.071
1.075
1.081
1.047
1.047
1.043
1.043
1.049
1.034
1.021
1.036
1.038
1.032
1.017
1.017
1.015
1.015
1.010
1.013
1.023
1.021
1.017
1.012
1.006
1.010
1.021
1.019
1.004
0.998
0.982
0.985
0.991
0.995
1.006
1.006
1.012
1.000
1.006
1.004
0.931
0.896
0.851
0.840
0.843
0.843
0.845
0.868
0.888
0.881
0.897
0.886
0.897
0.907
0.911
0.899
0.912
0.916
0.903
0.873
0.884
0.868
0.864
0.864
0.856
0.849
0.847
0.841
0.819
0.841
0.832
0.853
0.871
0.856
0.858
0.862
0.847
0.866
0.858
0.849
0.849
0.860
0.875
0.948
1.030
1.062
1.066
1.079
1.107
1.133
1.114
1.099
1.030
1.056
1.041
1.060
1.073
1.047
1.060
1.045
1.051
1.043
1.058
1.068
1.056
1.051
1.051
1.034
1.019
1.015
1.010
0.980
0.982
0.970
0.976
0.957
0.950
0.946
0.929
0.959
0.955
0.961
0.944
0.950
0.939
0.941
0.933
0.933
0.926
0.937
0.944
0.937
0.948
0.978
1.015
1.176
1.273
1.509
1.716
1.814
1.971
2.115
2.257
2.390
2.479
2.515
2.586
2.621
2.741
2.747
2.764
2.797
2.775
2.752
2.765
2.721
2.655
2.537
2.520
2.453
2.474
2.539
2.629
2.739
2.853
2.872
2.870
2.870
2.851
2.799
2.769
2.707
2.676
2.653
2.633
2.534
2.369
2.234
2.150
2.064
2.029
1.997
1.915
1.868
1.765
1.750
1.754
1.668
1.614
1.552
1.548
1.507
1.505
1.466
1.500
1.494
1.417
1.382
1.354
1.286
1.240
1.210
1.195
1.170
1.124
1.120
1.109
1.084
1.079
1.075
1.043
1.060
1.032
1.017
1.028
1.010
1.015
1.013
1.015
1.019
1.002
1.004
0.997
0.998
1.000
1.012
1.015
1.004
1.019
1.043
1.075
1.170
1.271
1.535
1.658
1.771
1.888
1.971
2.068
2.197
2.251
2.262
2.332
2.399
2.412
2.449
2.489
2.485
2.453
2.474
2.446
2.347
2.320
2.292
2.240
2.212
2.210
2.272
2.328
2.425
2.419
2.350
2.384
2.391
2.416
2.399
2.386
2.419
2.365
2.276
2.242
2.203
2.145
2.068
1.958
1.864
1.879
1.935
1.911
1.776
1.776
1.716
1.707
1.675
1.630
1.672
1.617
1.595
1.591
1.546
1.529
1.485
1.455
1.432
1.380
1.316
1.286
1.249
1.238
1.238
1.212
1.221
1.185
1.157
1.113
1.090
1.090
1.064
1.062
1.049
1.038
1.025
1.025
1.019
1.012
1.015
1.006
1.002
1.017
1.006
1.012
1.013
1.012
1.008
1.055
1.090
1.116
1.176
1.279
1.479
1.608
1.791
1.907
2.010
2.115
2.247
2.276
2.319
2.324
2.378
2.457
2.509
2.571
2.556
2.580
2.550
2.496
2.446
2.376
2.339
2.350
2.307
2.264
2.261
2.352
2.457
2.477
2.466
2.500
2.511
2.543
2.520
2.543
2.504
2.476
2.414
2.419
2.320
2.204
2.118
2.029
1.976
1.928
1.849
1.890
1.870
1.825
1.816
1.831
1.763
1.731
1.750
1.741
1.698
1.703
1.694
1.645
1.632
1.586
1.537
1.462
1.419
1.369
1.318
1.333
1.314
1.303
1.255
1.210
1.202
1.170
1.148
1.139
1.101
1.099
1.090
1.090
1.088
1.083
1.077
1.077
1.068
1.064
1.062
1.058
1.062
1.070
1.066
1.064
1.070
1.062
1.109
1.142
1.232
1.331
1.511
1.625
1.859
1.982
2.074
2.171
2.302
2.386
2.433
2.494
2.491
2.507
2.595
2.563
2.539
2.520
2.549
2.575
2.487
2.472
2.421
2.390
2.343
2.350
2.328
2.352
2.427
2.483
2.506
2.476
2.457
2.427
2.427
2.391
2.375
2.384
2.347
2.403
2.257
2.199
2.171
2.089
2.025
1.945
1.941
2.029
1.945
1.900
1.894
1.907
1.894
1.836
1.774
1.715
1.722
1.703
1.685
1.634
1.634
1.632
1.550
1.513
1.455
1.408
1.399
1.354
1.333
1.314
1.281
1.260
1.228
1.213
1.199
1.202
1.172
1.176
1.150
1.135
1.131
1.126
1.118
1.105
1.105
1.113
1.107
1.101
1.105
1.111
1.116
1.116
1.113
1.124
1.161
1.163
1.253
1.320
1.483
1.615
1.804
1.960
2.102
2.257
2.373
2.481
2.549
2.623
2.629
2.741
2.859
2.878
2.874
2.850
2.855
2.853
2.782
2.678
2.532
2.468
2.410
2.397
2.414
2.453
2.528
2.578
2.556
2.519
2.464
2.468
2.453
2.436
2.388
2.362
2.345
2.305
2.216
2.175
2.096
1.971
1.950
1.874
1.890
1.881
1.780
1.771
1.784
1.776
1.698
1.685
1.608
1.604
1.612
1.576
1.526
1.488
1.466
1.425
1.384
1.313
1.290
1.236
1.221
1.242
1.230
1.215
1.191
1.170
1.156
1.120
1.124
1.096
1.099
1.075
1.083
1.060
1.053
1.034
1.053
1.040
1.038
1.025
1.032
1.021
1.019
1.012
1.025
1.004
1.019
1.008
1.045
1.051
1.081
1.058
1.023
0.985
0.991
0.989
1.000
1.049
1.058
1.079
1.088
1.146
1.148
1.142
1.150
1.148
1.146
1.144
1.111
1.142
1.154
1.126
1.041
1.013
1.006
1.066
1.079
1.047
1.058
1.114
1.098
1.088
1.071
1.056
1.058
1.071
1.101
1.092
1.055
1.068
1.034
1.028
1.027
1.017
1.073
1.084
1.199
1.279
1.298
1.283
1.279
1.268
1.273
1.238
1.253
1.270
1.234
1.258
1.251
1.245
1.210
1.212
1.227
1.197
1.161
1.159
1.156
1.139
1.144