3.730
3.663
3.500
3.450
3.450
3.422
3.360
3.349
3.281
3.248
3.231
3.214
3.237
3.248
3.237
3.197
3.197
3.164
3.141
3.158
3.192
3.225
3.175
3.192
3.175
3.203
3.293
3.495
3.640
3.865
4.381
4.779
5.278
5.699
6.221
6.501
6.832
7.124
7.152
7.365
7.500
7.836
7.965
8.021
8.369
8.554
8.442
8.672
8.588
8.459
8.218
7.926
7.993
8.033
8.319
8.627
9.368
9.872
10.181
10.282
10.417
10.411
10.495
10.259
10.030
9.923
9.093
8.650
8.751
8.347
7.797
7.180
6.686
6.226
5.901
5.682
5.441
5.587
5.542
5.402
5.318
5.284
5.205
5.076
4.919
4.858
4.667
4.594
4.588
4.420
4.213
3.927
3.736
3.624
3.472
3.495
3.478
3.472
3.450
3.433
3.360
3.343
3.338
3.304
3.270
3.270
3.231
3.237
3.265
3.259
3.209
3.237
3.270
3.270
3.265
3.293
3.276
3.321
3.253
3.310
3.259
3.214
3.164
3.281
3.203
3.096
3.063
2.990
3.102
3.108
3.091
3.237
3.343
3.416
3.388
3.399
3.422
3.360
3.422
3.455
3.427
3.433
3.523
3.478
3.545
3.433
3.360
3.332
3.427
3.539
3.551
3.596
3.640
3.730
3.730
3.758
3.736
3.713
3.736
3.764
3.730
3.736
3.736
3.607
3.596
3.702
3.646
3.798
3.579
3.506
3.495
3.523
3.596
3.461
3.349
3.354
3.315
3.276
3.259
3.214
3.237
3.276
3.253
3.366
3.287
3.281
3.287
3.287
3.192
3.192
3.091
3.063
3.085
3.158
3.080
3.074
3.051
3.001
2.956
2.995
2.956
2.956
2.928
2.844
2.900
2.822
2.816
2.799
2.866
2.855
2.805
2.822
2.777
2.788
2.760
2.799
2.782
2.799
2.782
2.782
2.653
2.367
2.401
2.384
2.406
2.367
2.390
2.406
2.479
2.485
2.535
2.519
2.491
2.547
2.625
2.715
2.732
2.754
2.692
2.698
2.782
2.749
2.782
2.822
2.822
2.782
2.844
2.844
2.855
2.833
2.928
2.878
2.788
2.788
2.810
2.900
2.900
2.951
2.979
2.939
2.939
2.951
3.012
2.939
2.945
2.934
2.979
3.276
3.534
3.539
3.545
3.517
3.584
3.556
3.551
3.539
3.534
3.472
3.523
3.568
3.517
3.506
3.439
3.427
3.433
3.399
3.332
3.287
3.298
3.225
3.220
3.220
3.192
3.175
3.152
3.119
3.080
3.091
3.091
3.035
2.990
3.018
2.956
2.939
2.951
2.962
2.979
2.922
2.922
2.911
2.939
2.917
2.922
3.018
3.108
3.237
3.416
3.579
4.409
4.796
5.228
5.699
6.271
6.681
7.124
7.359
7.584
7.634
7.763
7.976
8.033
8.178
8.493
8.493
8.459
8.515
8.493
8.420
8.111
8.089
8.173
8.212
8.459
8.964
9.850
10.282
10.518
10.433
10.546
10.377
10.215
10.125
10.192
10.046
9.755
9.513
9.149
8.577
7.775
7.236
6.742
6.518
6.182
6.159
6.047
5.778
5.895
5.733
5.497
5.385
5.334
5.295
5.155
5.065
4.914
4.807
4.706
4.611
4.443
4.291
4.106
4.016
3.932
3.725
3.725
3.596
3.629
3.584
3.523
3.528
3.433
3.450
3.422
3.405
3.388
3.399
3.326
3.293
3.298
3.248
3.276
3.265
3.281
3.259
3.259
3.225
3.270
3.270
3.281
3.287
3.405
3.433
3.775
3.994
4.555
5.054
5.458
6.013
6.490
7.051
7.730
8.005
8.083
8.375
8.453
8.582
8.756
9.138
9.384
9.570
9.570
9.687
9.564
9.373
9.244
9.289
9.435
9.542
9.867
10.231
11.028
11.701
12.122
12.430
12.453
12.548
12.363
12.189
11.942
11.667
11.292
10.837
10.557
9.749
9.093
8.358
7.769
7.208
6.877
6.793
6.664
6.552
6.423
6.260
6.019
5.895
5.778
5.615
5.548
5.492
5.295
5.228
5.138
4.914
4.656
4.471
4.302
4.263
4.190
4.022
4.005
3.988
3.898
3.865
3.842
3.870
3.792
3.786
3.669
3.652
3.657
3.646
3.612
3.568
3.534
3.545
3.545
3.551
3.523
3.500
3.495
3.506
3.472
3.506
3.551
3.596
3.640
3.736
3.837
3.915
4.891
5.750
6.395
7.287
7.887
8.902
10.114
10.927
11.336
12.116
12.458
12.728
12.857
12.963
13.496
13.446
13.322
13.115
12.913
12.559
12.217
12.127
12.256
12.458
12.913
13.490
14.528
15.128
15.263
15.196
15.246
15.044
14.551
13.995
12.986
12.649
11.914
11.207
10.630
9.979
9.087
8.358
7.926
7.679
7.343
6.911
6.602
6.238
6.120
6.109
5.907
5.946
5.716
5.649
5.553
5.458
5.312
5.222
5.116
5.032
4.880
4.701
4.527
4.381
4.241
4.218
4.213
4.134
4.112
4.050
4.044
3.927
3.803
3.758
3.786
3.775
3.702
3.691
3.697
3.652
3.674
3.635
3.618
3.584
3.573
3.596
3.601
3.607
3.596
3.596
3.596
3.646
3.736
3.893
4.033
4.072
4.734
5.458
6.170
7.017
7.948
8.700
9.334
9.771
10.097
10.439
10.630
10.899
10.787
11.006
11.196
11.421
11.466
11.236
11.095
10.977
10.461
10.355
10.405
10.529
10.764
11.050
12.043
12.857
13.053
13.193
13.322
13.390
13.272
12.952
12.576
12.526
11.976
11.600
11.135
10.579
9.805
8.902
8.302
7.724
7.371
7.320
7.107
6.860
6.742
6.602
6.187
6.125
5.974
5.895
5.778
5.632
5.452
5.368
5.379
5.172
5.020
4.846
4.633
4.437
4.325
4.398
4.398
4.269
4.157
4.112
4.112
4.072
4.056
3.977
3.977
3.943
3.859
3.820
3.814
3.769
3.753
3.758
3.719
3.685
3.691
3.674
3.674
3.697
3.702
3.669
3.674
3.685
3.848
3.943
4.140
4.257
4.891
5.419
6.047
6.827
7.578
8.218
8.795
9.059
9.082
9.429
9.553
9.699
9.715
9.570
9.598
9.648
9.396
9.328
9.261
8.953
8.425
8.044
7.926
7.836
7.876
8.122
8.341
8.549
8.751
8.773
8.863
8.751
8.650
8.397
8.173
7.892
7.786
7.488
7.141
6.742
6.344
5.912
5.710
5.402
5.161
5.228
5.256
5.172
5.093
4.953
4.785
4.712
4.746
4.661
4.661
4.493
4.370
4.286
4.179
4.117
3.966
3.854
3.713
3.461
3.394
3.444
3.427
3.388
3.304
3.203
3.186
3.192
3.192
3.164
3.197
3.175
3.130
3.124
3.080
3.091
3.091
3.091
3.057
3.040
3.046
3.018
3.018
3.046
3.029
2.984
2.973
2.883
2.911
3.029
3.130
2.979
2.872
2.822
2.822
2.889
2.956
2.872
3.096
3.332
3.248
3.124
3.119
3.147
3.192
3.231
3.181
3.124
3.130
3.209
3.248
3.080
3.046
3.063
2.962
2.928
2.962
3.096
3.074
3.080
3.085
3.068
3.113
3.119
3.119
3.158
3.119
3.152
3.096
3.119
3.119
3.136
3.259
3.141
3.175
3.209
3.410
3.652
3.669
3.680
3.697
3.584
3.618
3.601
3.539
3.467
3.472
3.472
3.444
3.483
3.495
3.427
3.377
3.343
3.326
3.242
3.225
3.270
3.248
3.270
3.293
3.293
3.237
3.181
3.169
3.130
3.108
3.029
3.018
2.995
2.979
3.007
2.967
2.945
2.945
2.945
2.928
2.922
2.939
2.928
2.939
2.906
2.878
2.883
2.906
2.945
2.922
2.850
2.771
2.631
2.575
2.519
2.524
2.535
2.507
2.507
2.586
2.631
2.608
2.642
2.704
2.721
2.715
2.721
2.788
2.749
2.749
2.799
2.844
2.866
2.900
2.962
2.844
2.911
2.855
2.844
2.917
2.883
2.861
2.911
2.917
2.889
2.984
2.945
2.979
2.922
2.911
2.911
2.934
2.995
2.945
3.091
3.399
3.539
3.506
3.590
3.652
3.579
3.523
3.500
3.489
3.472
3.483
3.500
3.422
3.416
3.382
3.416
3.382
3.382
3.332
3.343
3.371
3.343
3.186
3.192
3.220
3.175
3.169
3.175
3.158
3.119
3.074
3.040
3.046
3.040
3.001
3.018
2.962
2.979
2.979
2.990
2.934
2.934
2.922
2.962
2.956
2.939
2.995
3.046
3.152
3.259
3.427
3.674
4.448
4.785
5.189
5.531
6.041
6.451
6.933
7.219
7.303
7.460
7.668
7.814
7.831
7.943
8.178
8.240
8.111
8.156
8.033
7.960
7.724
7.589
7.573
7.646
7.842
8.044
8.723
9.138
9.407
9.530
9.631
9.901
9.839
9.687
9.704
9.671
9.474
9.227
8.840
8.335
7.780
7.169
6.591
6.210
5.834
6.030
5.968
5.722
5.564
5.520
5.475
5.284
5.116
4.970
4.875
4.914
4.785
4.723
4.650
4.594
4.381
4.229
4.084
3.960
3.882
3.820
3.629
3.640
3.495
3.495
3.444
3.523
3.472
3.416
3.304
3.265
3.259
3.270
3.265
3.242
3.237
3.214
3.197
3.186
3.181
3.197
3.192
3.220
3.203
3.197
3.197
3.203
3.298
3.394
3.674
3.932
4.667
5.082
5.604
5.974
6.400
6.675
7.045
7.388
7.584
7.747
8.027
8.223
8.358
8.268
8.375
8.352
8.178
8.178
8.122
8.089
7.892
7.718
7.561
7.623
7.640
7.937
8.420
8.694
9.138
8.953
9.126
9.239
9.216
8.891
8.818
8.689
8.633
8.420
8.016
7.668
7.107
6.675
6.484
6.210
6.215
6.120
5.879
5.677
5.710
5.508
5.407
5.222
5.076
4.987
4.875
4.830
4.560
4.510
4.431
4.358
4.168
4.106
3.898
3.814
3.624
3.528
3.601
3.500
3.489
3.450
3.377
3.326
3.371
3.270
3.287
3.287
3.237
3.209
3.175
3.181
3.152
3.152
3.164
3.164
3.113
3.096
3.113
3.152
3.141
3.152
3.175
3.152
3.270
3.556
3.764
3.955
4.600
4.959
5.604
6.176
6.692
7.326
7.842
8.066
8.375
8.498
8.734
9.025
9.188
9.396
9.485
9.665
9.558
9.502
9.418
9.379
9.014
8.795
8.807
9.053
9.233
9.452
10.030
10.400
10.495
10.405
10.405
10.310
10.091
10.018
9.912
9.777
9.519
9.211
8.874
8.246
7.679
7.343
6.961
6.591
6.226
6.069
5.935
5.761
5.716
5.660
5.570
5.480
5.312
5.211
5.116
5.043
4.959
4.981
4.852
4.650
4.560
4.314
4.117
3.966
3.803
3.792
3.764
3.646
3.657
3.568
3.568
3.495
3.382
3.360
3.366
3.310
3.310
3.321
3.276
3.298
3.287
3.237
3.209
3.265
3.237
3.203
3.214
3.209
3.225
3.231
3.231
3.237
3.270
3.399
3.551
3.831
4.072
4.336
4.908
5.413
5.851
6.260
6.731
7.029
7.141
7.399
7.629
7.679
7.696
7.808
7.881
8.100
8.106
8.094
8.021
7.836
7.488
7.242
7.146
7.129
7.455
7.819
8.543
8.947
9.244
9.457
9.424
9.558
9.502
9.356
9.160
9.031
8.986
8.683
8.683
8.206
7.730
7.118
6.641
6.131
5.828
5.699
5.738
5.570
5.508
5.469
5.424
5.273
5.239
5.127
5.105
4.998
4.891
4.785
4.813
4.695
4.459
4.274
4.128
3.876
3.831
3.859
3.949
3.786
3.725
3.697
3.697
3.596
3.556
3.556
3.534
3.562
3.534
3.433
3.444
3.467
3.455
3.472
3.388
3.382
3.382
3.377
3.360
3.371
3.427
3.377
3.371
3.399
3.478
3.573
3.887
4.162
4.779
5.340
5.744
6.226
6.961
7.752
8.605
9.154
9.687
9.990
10.024
10.209
10.680
10.949
11.415
11.308
11.308
11.393
11.280
11.006
10.697
10.540
10.630
10.748
11.151
11.724
12.391
12.829
13.008
13.199
13.148
13.109
12.851
12.694
12.531
12.352
11.892
11.398
10.832
10.001
8.986
7.932
7.270
6.911
6.490
6.574
6.445
6.378
6.417
6.254
6.092
5.996
5.923
5.783
5.660
5.576
5.334
5.149
5.015
4.925
4.673
4.516
4.364
4.218
4.128
4.078
4.022
3.977
4.039
4.056
4.056
3.983
3.988
3.999
4.022
3.966
3.943
3.921
3.910
3.921
3.927
3.870
3.870
3.910
3.898
3.854
3.910
3.842
3.826
3.786
3.837
3.831
3.854
3.960
3.887
3.702
3.562
3.719
3.758
3.775
3.882
4.016
4.201
4.325
4.353
4.420
4.544
4.622
4.583
4.555
4.566
4.572
4.628
4.560
4.454
4.431
4.353
4.319
4.291
4.387
4.403
4.443
4.465
4.622
4.661
4.695
4.616
4.588
4.572
4.645
4.538
4.465
4.454
4.443
4.370
4.409
4.314
4.286
4.168
4.128
4.084
4.314
4.482
4.611
4.482
4.465
4.499
4.465
4.330
4.314
4.358
4.241
4.179
4.151
4.123
4.061
4.067
4.022
4.028
3.971
3.938
3.910
3.893
3.904
3.932
3.949
3.876
3.887
3.865
3.882
3.837
3.882
3.904
3.831
3.809
3.826
3.842
3.837
3.837
3.781
3.769
3.769
3.775
3.736
3.758
3.713
3.730
3.697
3.663
3.669
3.753
3.601
3.259
3.225
3.248
3.259
3.287
3.287
3.354
3.405
3.511
3.579
3.523
3.539
3.573
3.601
3.629
3.657
3.685
3.652
3.657
3.685
3.680
3.674
3.669
3.691
3.691
3.680
3.719
3.809
3.826
3.910
3.887
3.932
3.977
3.983
3.988
3.960
4.005
3.960
4.016
3.977
3.938
3.887
3.820
3.809
3.831
4.140
4.257
4.257
4.235
4.364
4.381
4.314
4.364
4.325
4.319
4.286
4.347
4.286
4.347
4.280
4.274
4.241
4.157
4.168
4.151
4.213
4.213
4.140
4.140
4.157
4.078
4.011
3.983
3.876
3.893
3.792
3.747
3.769
3.764
3.730
3.719
3.680
3.713
3.713
3.764
3.741
3.741
3.803
3.809
3.848
3.870
3.831
3.865
3.966
4.173
4.544
5.654
6.653
7.724
8.638
9.760
10.961
11.858
12.369
12.879
13.289
13.625
13.737
13.462
13.373
13.423
13.457
13.384
13.160
12.632
12.324
11.538
11.207
11.146
11.381
11.617
11.982
12.997
13.664
13.894
13.894
13.642
13.552
13.345
13.014
13.188
13.019
12.621
12.021
11.510
10.815
9.951
9.211
8.476
8.033
7.808
7.679
7.416
7.219
7.045
6.984
6.737
6.395
6.339
6.277
6.069
5.873
5.559
5.710
5.542
5.273
5.116
4.931
4.723
4.471
4.504
4.415
4.302
4.291
4.297
4.145
4.106
4.067
4.056
4.050
4.016
4.050
4.033
3.960
3.921
3.910
3.859
3.887
3.887
3.893
3.831
3.820
3.831
3.842
3.842
3.803
3.859
3.910
4.022
4.033
4.364
4.678
5.621
6.529
7.634
8.543
9.642
10.680
11.566
12.077
12.458
13.014
13.395
13.659
13.849
13.962
14.040
13.603
13.462
13.361
13.031
12.935
12.593
12.464
12.761
12.716
12.873
13.188
14.394
14.926
15.274
15.314
15.263
14.343
13.373
13.081
12.902
12.795
12.767
12.363
11.796
11.314
10.439
10.433
9.738
9.205
8.672
8.392
8.139
7.758
7.522
7.258
7.141
6.995
6.703
6.585
6.411
6.238
6.030
5.851
5.632
5.469
5.273
5.020
4.846
4.729
4.566
4.544
4.605
4.572
4.448
4.437
4.398
4.319
4.263
4.224
4.224
4.190
4.162
4.140
4.089
4.095
4.072
4.028
3.994
3.977
3.904
3.921
3.910
3.932
3.932
3.932
4.011
4.078
4.100
4.106
4.381
4.667
5.385
6.125
6.804
7.550
8.184
8.953
9.592
9.912
10.192
10.512
10.590
10.725
10.826
10.977
11.185
11.230
10.877
10.764
10.546
10.046
9.469
9.356
9.149
9.312
9.469
9.732
10.473
10.933
11.129
11.095
11.073
10.961
10.663
10.299
10.383
10.147
9.912
9.631
9.183
8.610
7.926
7.388
6.748
6.484
6.254
6.210
6.125
5.789
5.649
5.609
5.520
5.357
5.228
5.256
5.088
4.931
4.734
4.706
4.555
4.353
4.185
4.039
3.898
3.798
3.624
3.612
3.612
3.652
3.579
3.568
3.551
3.472
3.472
3.483
3.472
3.472
3.467
3.467
3.467
3.461
3.427
3.410
3.399
3.377
3.422
3.422
3.450
3.467
3.495
3.495
3.478
3.472
3.439
3.422
3.377
3.063
2.917
2.951
3.001
3.051
3.051
3.074
3.113
3.169
3.209
3.046
2.990
3.046
3.029
3.057
3.158
3.147
3.130
3.113
3.124
3.136
3.063
3.063
3.085
3.085
3.085
3.046
3.080
3.158
3.158
3.214
3.281
3.242
3.214
3.203
3.231
3.164
3.242
3.181
3.136
3.113
3.108
3.080
3.018
3.063
3.332
3.416
3.461
3.433
3.450
3.399
3.394
3.394
3.405
3.343
3.281
3.293
3.293
3.265
3.237
3.242
3.248
3.203
3.192
3.158
3.147
3.119
3.108
3.074
3.119
3.091
2.979
2.990
2.990
2.934
2.967
2.889
2.911
2.894
2.889
2.833
2.788
2.805
2.788
2.760
2.754
2.771
2.743
2.788
2.743
2.749
2.743
2.743
2.743
2.771
2.844
2.894
2.962
2.934
2.833
2.990
3.192
3.326
3.354
3.399
3.461
3.489
3.539
3.573
3.730
3.736
3.669
3.624
3.568
3.517
3.455
3.366
3.209
3.270
3.147
3.063
3.203
3.310
3.287
3.399
3.422
3.511
3.461
3.394
3.439
3.489
3.422
3.422
3.321
3.276
3.259
3.124
3.023
2.945
2.934
3.119
3.338
3.416
3.371
3.281
3.293
3.220
3.237
3.248
3.181
3.287
3.220
3.169
3.136
3.091
3.141
3.096
3.063
3.068
3.029
3.007
2.956
2.894
2.934
2.894
2.906
2.878
2.822
2.855
2.838
2.855
2.827
2.855
2.827
2.788
2.822
2.810
2.805
2.799
2.777
2.754
2.749
2.749
2.754
2.737
2.765
2.743
2.715
2.754
2.721
2.681
2.709
2.608
2.535
2.541
2.328
2.283
2.328
2.362
2.350
2.373
2.395
2.412
2.496
2.597
2.715
2.749
2.850
2.855
2.855
2.822
2.872
2.872
2.833
2.810
2.827
2.799
2.866
2.872
2.945
2.956
3.018
3.051
2.973
3.080
3.074
3.057
3.018
3.136
3.091
3.113
3.040
3.023
3.063
3.046
3.023
2.951
3.203
3.422
3.399
3.382
3.382
3.399
3.326
3.270
3.265
3.270
3.248
3.225
3.214
3.225
3.242
3.141
3.141
3.130
3.130
3.147
3.102
3.063
3.108
3.113
3.096
3.051
3.051
3.046
3.046
3.029
3.040
3.068
3.063
3.051
3.035
3.018
3.029
3.063
3.057
3.012
2.995
2.945
2.956
2.973
2.984
3.018
3.018
3.035
3.001
3.018
3.012
2.793
2.687
2.552
2.519
2.530
2.530
2.535
2.603
2.664
2.642
2.692
2.659
2.692
2.721
2.732
2.698
2.737
2.749
2.709
2.620
2.653
2.603
2.592
2.592
2.569
2.547
2.541
2.524
2.457
2.524
2.496
2.558
2.614
2.569
2.575
2.586
2.541
2.597
2.575
2.547
2.547
2.580
2.625
2.844
3.091
3.186
3.197
3.237
3.321
3.399
3.343
3.298
3.091
3.169
3.124
3.181
3.220
3.141
3.181
3.136
3.152
3.130
3.175
3.203
3.169
3.152
3.152
3.102
3.057
3.046
3.029
2.939
2.945
2.911
2.928
2.872
2.850
2.838
2.788
2.878
2.866
2.883
2.833
2.850
2.816
2.822
2.799
2.799
2.777
2.810
2.833
2.810
2.844
2.934
3.046
3.528
3.820
4.527
5.149
5.441
5.912
6.344
6.770
7.169
7.438
7.545
7.758
7.864
8.223
8.240
8.291
8.392
8.324
8.257
8.296
8.162
7.965
7.612
7.561
7.359
7.421
7.617
7.887
8.218
8.560
8.616
8.610
8.610
8.554
8.397
8.307
8.122
8.027
7.960
7.898
7.601
7.107
6.703
6.451
6.193
6.086
5.991
5.744
5.604
5.295
5.250
5.262
5.004
4.841
4.656
4.645
4.521
4.516
4.398
4.499
4.482
4.252
4.145
4.061
3.859
3.719
3.629
3.584
3.511
3.371
3.360
3.326
3.253
3.237
3.225
3.130
3.181
3.096
3.051
3.085
3.029
3.046
3.040
3.046
3.057
3.007
3.012
2.990
2.995
3.001
3.035
3.046
3.012
3.057
3.130
3.225
3.511
3.814
4.605
4.975
5.312
5.665
5.912
6.204
6.591
6.754
6.787
6.995
7.197
7.236
7.348
7.466
7.455
7.359
7.421
7.337
7.040
6.961
6.877
6.720
6.636
6.630
6.815
6.984
7.275
7.258
7.051
7.152
7.174
7.247
7.197
7.158
7.258
7.096
6.827
6.726
6.608
6.434
6.204
5.873
5.593
5.637
5.806
5.733
5.329
5.329
5.149
5.121
5.026
4.891
5.015
4.852
4.785
4.774
4.639
4.588
4.454
4.364
4.297
4.140
3.949
3.859
3.747
3.713
3.713
3.635
3.663
3.556
3.472
3.338
3.270
3.270
3.192
3.186
3.147
3.113
3.074
3.074
3.057
3.035
3.046
3.018
3.007
3.051
3.018
3.035
3.040
3.035
3.023
3.164
3.270
3.349
3.528
3.837
4.437
4.824
5.374
5.722
6.030
6.344
6.742
6.827
6.956
6.972
7.135
7.371
7.528
7.713
7.668
7.741
7.651
7.488
7.337
7.129
7.017
7.051
6.922
6.793
6.782
7.057
7.371
7.432
7.399
7.500
7.533
7.629
7.561
7.629
7.511
7.427
7.242
7.258
6.961
6.613
6.355
6.086
5.929
5.783
5.548
5.671
5.609
5.475
5.447
5.492
5.290
5.194
5.250
5.222
5.093
5.110
5.082
4.936
4.897
4.757
4.611
4.387
4.257
4.106
3.955
3.999
3.943
3.910
3.764
3.629
3.607
3.511
3.444
3.416
3.304
3.298
3.270
3.270
3.265
3.248
3.231
3.231
3.203
3.192
3.186
3.175
3.186
3.209
3.197
3.192
3.209
3.186
3.326
3.427
3.697
3.994
4.532
4.875
5.576
5.946
6.221
6.512
6.905
7.158
7.298
7.483
7.472
7.522
7.786
7.690
7.617
7.561
7.646
7.724
7.460
7.416
7.264
7.169
7.029
7.051
6.984
7.057
7.281
7.449
7.517
7.427
7.371
7.281
7.281
7.174
7.124
7.152
7.040
7.208
6.770
6.597
6.512
6.266
6.075
5.834
5.823
6.086
5.834
5.699
5.682
5.722
5.682
5.508
5.323
5.144
5.166
5.110
5.054
4.903
4.903
4.897
4.650
4.538
4.364
4.224
4.196
4.061
3.999
3.943
3.842
3.781
3.685
3.640
3.596
3.607
3.517
3.528
3.450
3.405
3.394
3.377
3.354
3.315
3.315
3.338
3.321
3.304
3.315
3.332
3.349
3.349
3.338
3.371
3.483
3.489
3.758
3.960
4.448
4.846
5.413
5.879
6.305
6.770
7.118
7.444
7.646
7.870
7.887
8.223
8.577
8.633
8.622
8.549
8.565
8.560
8.347
8.033
7.595
7.404
7.230
7.191
7.242
7.359
7.584
7.735
7.668
7.556
7.393
7.404
7.359
7.309
7.163
7.085
7.034
6.916
6.647
6.524
6.288
5.912
5.851
5.621
5.671
5.643
5.340
5.312
5.351
5.329
5.093
5.054
4.824
4.813
4.835
4.729
4.577
4.465
4.398
4.274
4.151
3.938
3.870
3.708
3.663
3.725
3.691
3.646
3.573
3.511
3.467
3.360
3.371
3.287
3.298
3.225
3.248
3.181
3.158
3.102
3.158
3.119
3.113
3.074
3.096
3.063
3.057
3.035
3.074
3.012
3.057
3.023
3.136
3.152
3.242
3.175
3.068
2.956
2.973
2.967
3.001
3.147
3.175
3.237
3.265
3.439
3.444
3.427
3.450
3.444
3.439
3.433
3.332
3.427
3.461
3.377
3.124
3.040
3.018
3.197
3.237
3.141
3.175
3.343
3.293
3.265
3.214
3.169
3.175
3.214
3.304
3.276
3.164
3.203
3.102
3.085
3.080
3.051
3.220
3.253
3.596
3.837
3.893
3.848
3.837
3.803
3.820
3.713
3.758
3.809
3.702
3.775
3.753
3.736
3.629
3.635
3.680
3.590
3.483
3.478
3.467
3.416
3.433