6.631
6.512
6.223
6.133
6.133
6.083
5.973
5.953
5.834
5.774
5.744
5.714
5.754
5.774
5.754
5.684
5.684
5.624
5.584
5.614
5.674
5.734
5.644
5.674
5.644
5.694
5.854
6.213
6.472
6.871
7.788
8.496
9.384
10.132
11.059
11.558
12.146
12.665
12.715
13.093
13.333
13.931
14.160
14.260
14.878
15.208
15.008
15.417
15.267
15.038
14.609
14.091
14.210
14.280
14.789
15.337
16.654
17.551
18.099
18.279
18.518
18.508
18.658
18.239
17.830
17.641
16.165
15.377
15.557
14.839
13.861
12.764
11.887
11.069
10.491
10.102
9.673
9.932
9.853
9.603
9.454
9.394
9.254
9.025
8.746
8.636
8.297
8.167
8.157
7.858
7.489
6.981
6.641
6.442
6.173
6.213
6.183
6.173
6.133
6.103
5.973
5.943
5.933
5.874
5.814
5.814
5.744
5.754
5.804
5.794
5.704
5.754
5.814
5.814
5.804
5.854
5.824
5.904
5.784
5.884
5.794
5.714
5.624
5.834
5.694
5.505
5.445
5.315
5.515
5.525
5.495
5.754
5.943
6.073
6.023
6.043
6.083
5.973
6.083
6.143
6.093
6.103
6.263
6.183
6.302
6.103
5.973
5.923
6.093
6.292
6.312
6.392
6.472
6.631
6.631
6.681
6.641
6.602
6.641
6.691
6.631
6.641
6.641
6.412
6.392
6.582
6.482
6.751
6.362
6.233
6.213
6.263
6.392
6.153
5.953
5.963
5.894
5.824
5.794
5.714
5.754
5.824
5.784
5.983
5.844
5.834
5.844
5.844
5.674
5.674
5.495
5.445
5.485
5.614
5.475
5.465
5.425
5.335
5.255
5.325
5.255
5.255
5.205
5.056
5.156
5.016
5.006
4.976
5.096
5.076
4.986
5.016
4.936
4.956
4.906
4.976
4.946
4.976
4.946
4.946
4.717
4.208
4.268
4.238
4.278
4.208
4.248
4.278
4.408
4.418
4.507
4.478
4.428
4.527
4.667
4.827
4.856
4.896
4.787
4.797
4.946
4.886
4.946
5.016
5.016
4.946
5.056
5.056
5.076
5.036
5.205
5.116
4.956
4.956
4.996
5.156
5.156
5.245
5.295
5.225
5.225
5.245
5.355
5.225
5.235
5.215
5.295
5.824
6.282
6.292
6.302
6.253
6.372
6.322
6.312
6.292
6.282
6.173
6.263
6.342
6.253
6.233
6.113
6.093
6.103
6.043
5.923
5.844
5.864
5.734
5.724
5.724
5.674
5.644
5.604
5.545
5.475
5.495
5.495
5.395
5.315
5.365
5.255
5.225
5.245
5.265
5.295
5.196
5.196
5.176
5.225
5.186
5.196
5.365
5.525
5.754
6.073
6.362
7.838
8.526
9.294
10.132
11.149
11.877
12.665
13.083
13.482
13.572
13.801
14.180
14.280
14.539
15.098
15.098
15.038
15.138
15.098
14.968
14.420
14.380
14.529
14.599
15.038
15.936
17.511
18.279
18.698
18.548
18.748
18.449
18.159
18.000
18.119
17.860
17.342
16.913
16.265
15.247
13.821
12.864
11.987
11.588
10.989
10.949
10.750
10.271
10.481
10.192
9.773
9.573
9.484
9.414
9.164
9.005
8.736
8.546
8.367
8.197
7.898
7.629
7.300
7.140
6.990
6.622
6.622
6.392
6.452
6.372
6.263
6.272
6.103
6.133
6.083
6.053
6.023
6.043
5.914
5.854
5.864
5.774
5.824
5.804
5.834
5.794
5.794
5.734
5.814
5.814
5.834
5.844
6.053
6.103
6.711
7.100
8.097
8.985
9.703
10.690
11.538
12.535
13.742
14.230
14.370
14.888
15.028
15.257
15.567
16.245
16.683
17.013
17.013
17.222
17.003
16.664
16.434
16.514
16.773
16.963
17.541
18.189
19.605
20.802
21.550
22.098
22.138
22.308
21.979
21.670
21.231
20.742
20.074
19.266
18.768
17.332
16.165
14.859
13.811
12.814
12.226
12.076
11.847
11.648
11.418
11.129
10.700
10.481
10.271
9.982
9.862
9.763
9.414
9.294
9.135
8.736
8.277
7.948
7.649
7.579
7.449
7.150
7.120
7.090
6.931
6.871
6.831
6.881
6.741
6.731
6.522
6.492
6.502
6.482
6.422
6.342
6.282
6.302
6.302
6.312
6.263
6.223
6.213
6.233
6.173
6.233
6.312
6.392
6.472
6.641
6.821
6.961
8.696
10.221
11.368
12.954
14.021
15.826
17.980
19.426
20.154
21.540
22.148
22.627
22.856
23.046
23.993
23.903
23.684
23.315
22.956
22.328
21.719
21.560
21.789
22.148
22.956
23.983
25.828
26.895
27.134
27.015
27.104
26.745
25.868
24.881
23.086
22.487
21.181
19.924
18.897
17.741
16.155
14.859
14.091
13.652
13.054
12.286
11.737
11.089
10.880
10.860
10.501
10.571
10.162
10.042
9.872
9.703
9.444
9.284
9.095
8.945
8.676
8.357
8.048
7.788
7.539
7.499
7.489
7.349
7.310
7.200
7.190
6.981
6.761
6.681
6.731
6.711
6.582
6.562
6.572
6.492
6.532
6.462
6.432
6.372
6.352
6.392
6.402
6.412
6.392
6.392
6.392
6.482
6.641
6.921
7.170
7.240
8.417
9.703
10.969
12.475
14.131
15.467
16.594
17.372
17.950
18.558
18.897
19.376
19.176
19.565
19.904
20.303
20.383
19.974
19.725
19.516
18.598
18.409
18.498
18.718
19.137
19.645
21.410
22.856
23.205
23.455
23.684
23.804
23.594
23.026
22.358
22.268
21.291
20.622
19.795
18.808
17.431
15.826
14.759
13.732
13.103
13.014
12.635
12.196
11.987
11.737
10.999
10.890
10.620
10.481
10.271
10.012
9.693
9.543
9.563
9.194
8.925
8.616
8.237
7.888
7.689
7.818
7.818
7.589
7.389
7.310
7.310
7.240
7.210
7.070
7.070
7.010
6.861
6.791
6.781
6.701
6.671
6.681
6.612
6.552
6.562
6.532
6.532
6.572
6.582
6.522
6.532
6.552
6.841
7.010
7.359
7.569
8.696
9.633
10.750
12.136
13.472
14.609
15.636
16.105
16.145
16.763
16.983
17.242
17.272
17.013
17.062
17.152
16.703
16.584
16.464
15.916
14.978
14.300
14.091
13.931
14.001
14.440
14.829
15.198
15.557
15.596
15.756
15.557
15.377
14.928
14.529
14.031
13.841
13.313
12.695
11.987
11.279
10.511
10.152
9.603
9.174
9.294
9.344
9.194
9.055
8.805
8.506
8.377
8.436
8.287
8.287
7.988
7.768
7.619
7.429
7.320
7.050
6.851
6.602
6.153
6.033
6.123
6.093
6.023
5.874
5.694
5.664
5.674
5.674
5.624
5.684
5.644
5.564
5.555
5.475
5.495
5.495
5.495
5.435
5.405
5.415
5.365
5.365
5.415
5.385
5.305
5.285
5.126
5.176
5.385
5.564
5.295
5.106
5.016
5.016
5.136
5.255
5.106
5.505
5.923
5.774
5.555
5.545
5.594
5.674
5.744
5.654
5.555
5.564
5.704
5.774
5.475
5.415
5.445
5.265
5.205
5.265
5.505
5.465
5.475
5.485
5.455
5.535
5.545
5.545
5.614
5.545
5.604
5.505
5.545
5.545
5.574
5.794
5.584
5.644
5.704
6.063
6.492
6.522
6.542
6.572
6.372
6.432
6.402
6.292
6.163
6.173
6.173
6.123
6.193
6.213
6.093
6.003
5.943
5.914
5.764
5.734
5.814
5.774
5.814
5.854
5.854
5.754
5.654
5.634
5.564
5.525
5.385
5.365
5.325
5.295
5.345
5.275
5.235
5.235
5.235
5.205
5.196
5.225
5.205
5.225
5.166
5.116
5.126
5.166
5.235
5.196
5.066
4.926
4.677
4.577
4.478
4.487
4.507
4.458
4.458
4.597
4.677
4.637
4.697
4.807
4.837
4.827
4.837
4.956
4.886
4.886
4.976
5.056
5.096
5.156
5.265
5.056
5.176
5.076
5.056
5.186
5.126
5.086
5.176
5.186
5.136
5.305
5.235
5.295
5.196
5.176
5.176
5.215
5.325
5.235
5.495
6.043
6.292
6.233
6.382
6.492
6.362
6.263
6.223
6.203
6.173
6.193
6.223
6.083
6.073
6.013
6.073
6.013
6.013
5.923
5.943
5.993
5.943
5.664
5.674
5.724
5.644
5.634
5.644
5.614
5.545
5.465
5.405
5.415
5.405
5.335
5.365
5.265
5.295
5.295
5.315
5.215
5.215
5.196
5.265
5.255
5.225
5.325
5.415
5.604
5.794
6.093
6.532
7.908
8.506
9.224
9.833
10.740
11.468
12.326
12.834
12.984
13.263
13.632
13.891
13.921
14.121
14.539
14.649
14.420
14.500
14.280
14.151
13.732
13.492
13.462
13.592
13.941
14.300
15.507
16.245
16.723
16.943
17.122
17.601
17.491
17.222
17.252
17.192
16.843
16.404
15.716
14.819
13.831
12.744
11.717
11.039
10.371
10.720
10.610
10.172
9.892
9.813
9.733
9.394
9.095
8.835
8.666
8.736
8.506
8.397
8.267
8.167
7.788
7.519
7.260
7.040
6.901
6.791
6.452
6.472
6.213
6.213
6.123
6.263
6.173
6.073
5.874
5.804
5.794
5.814
5.804
5.764
5.754
5.714
5.684
5.664
5.654
5.684
5.674
5.724
5.694
5.684
5.684
5.694
5.864
6.033
6.532
6.990
8.297
9.035
9.962
10.620
11.378
11.867
12.525
13.133
13.482
13.772
14.270
14.619
14.859
14.699
14.888
14.849
14.539
14.539
14.440
14.380
14.031
13.722
13.442
13.552
13.582
14.111
14.968
15.457
16.245
15.916
16.225
16.424
16.384
15.806
15.676
15.447
15.347
14.968
14.250
13.632
12.635
11.867
11.528
11.039
11.049
10.880
10.451
10.092
10.152
9.793
9.613
9.284
9.025
8.865
8.666
8.586
8.107
8.018
7.878
7.748
7.409
7.300
6.931
6.781
6.442
6.272
6.402
6.223
6.203
6.133
6.003
5.914
5.993
5.814
5.844
5.844
5.754
5.704
5.644
5.654
5.604
5.604
5.624
5.624
5.535
5.505
5.535
5.604
5.584
5.604
5.644
5.604
5.814
6.322
6.691
7.030
8.177
8.815
9.962
10.979
11.897
13.024
13.941
14.340
14.888
15.108
15.527
16.045
16.334
16.703
16.863
17.182
16.993
16.893
16.743
16.673
16.025
15.636
15.656
16.095
16.414
16.803
17.830
18.488
18.658
18.498
18.498
18.329
17.940
17.810
17.621
17.382
16.923
16.374
15.776
14.659
13.652
13.054
12.375
11.717
11.069
10.790
10.551
10.241
10.162
10.062
9.902
9.743
9.444
9.264
9.095
8.965
8.815
8.855
8.626
8.267
8.107
7.669
7.320
7.050
6.761
6.741
6.691
6.482
6.502
6.342
6.342
6.213
6.013
5.973
5.983
5.884
5.884
5.904
5.824
5.864
5.844
5.754
5.704
5.804
5.754
5.694
5.714
5.704
5.734
5.744
5.744
5.754
5.814
6.043
6.312
6.811
7.240
7.708
8.726
9.623
10.401
11.129
11.967
12.495
12.695
13.153
13.562
13.652
13.682
13.881
14.011
14.400
14.410
14.390
14.260
13.931
13.313
12.874
12.705
12.675
13.253
13.901
15.188
15.906
16.434
16.813
16.753
16.993
16.893
16.634
16.285
16.055
15.975
15.437
15.437
14.589
13.742
12.655
11.807
10.900
10.361
10.132
10.202
9.902
9.793
9.723
9.643
9.374
9.314
9.115
9.075
8.885
8.696
8.506
8.556
8.347
7.928
7.599
7.340
6.891
6.811
6.861
7.020
6.731
6.622
6.572
6.572
6.392
6.322
6.322
6.282
6.332
6.282
6.103
6.123
6.163
6.143
6.173
6.023
6.013
6.013
6.003
5.973
5.993
6.093
6.003
5.993
6.043
6.183
6.352
6.911
7.399
8.496
9.494
10.212
11.069
12.375
13.782
15.297
16.275
17.222
17.760
17.820
18.149
18.987
19.466
20.293
20.104
20.104
20.253
20.054
19.565
19.017
18.738
18.897
19.107
19.825
20.842
22.029
22.806
23.125
23.465
23.375
23.305
22.846
22.567
22.278
21.959
21.141
20.263
19.256
17.780
15.975
14.101
12.924
12.286
11.538
11.687
11.458
11.338
11.408
11.119
10.830
10.660
10.531
10.281
10.062
9.912
9.484
9.154
8.915
8.756
8.307
8.028
7.758
7.499
7.340
7.250
7.150
7.070
7.180
7.210
7.210
7.080
7.090
7.110
7.150
7.050
7.010
6.971
6.951
6.971
6.981
6.881
6.881
6.951
6.931
6.851
6.951
6.831
6.801
6.731
6.821
6.811
6.851
7.040
6.911
6.582
6.332
6.612
6.681
6.711
6.901
7.140
7.469
7.689
7.738
7.858
8.077
8.217
8.147
8.097
8.117
8.127
8.227
8.107
7.918
7.878
7.738
7.679
7.629
7.798
7.828
7.898
7.938
8.217
8.287
8.347
8.207
8.157
8.127
8.257
8.067
7.938
7.918
7.898
7.768
7.838
7.669
7.619
7.409
7.340
7.260
7.669
7.968
8.197
7.968
7.938
7.998
7.938
7.699
7.669
7.748
7.539
7.429
7.379
7.330
7.220
7.230
7.150
7.160
7.060
7.000
6.951
6.921
6.941
6.990
7.020
6.891
6.911
6.871
6.901
6.821
6.901
6.941
6.811
6.771
6.801
6.831
6.821
6.821
6.721
6.701
6.701
6.711
6.641
6.681
6.602
6.631
6.572
6.512
6.522
6.671
6.402
5.794
5.734
5.774
5.794
5.844
5.844
5.963
6.053
6.243
6.362
6.263
6.292
6.352
6.402
6.452
6.502
6.552
6.492
6.502
6.552
6.542
6.532
6.522
6.562
6.562
6.542
6.612
6.771
6.801
6.951
6.911
6.990
7.070
7.080
7.090
7.040
7.120
7.040
7.140
7.070
7.000
6.911
6.791
6.771
6.811
7.359
7.569
7.569
7.529
7.758
7.788
7.669
7.758
7.689
7.679
7.619
7.728
7.619
7.728
7.609
7.599
7.539
7.389
7.409
7.379
7.489
7.489
7.359
7.359
7.389
7.250
7.130
7.080
6.891
6.921
6.741
6.661
6.701
6.691
6.631
6.612
6.542
6.602
6.602
6.691
6.651
6.651
6.761
6.771
6.841
6.881
6.811
6.871
7.050
7.419
8.077
10.052
11.827
13.732
15.357
17.352
19.486
21.081
21.989
22.896
23.624
24.222
24.422
23.933
23.774
23.863
23.923
23.794
23.395
22.457
21.909
20.513
19.924
19.815
20.234
20.652
21.301
23.106
24.292
24.701
24.701
24.252
24.093
23.724
23.135
23.445
23.145
22.437
21.370
20.463
19.226
17.691
16.374
15.068
14.280
13.881
13.652
13.183
12.834
12.525
12.415
11.977
11.368
11.269
11.159
10.790
10.441
9.882
10.152
9.853
9.374
9.095
8.766
8.397
7.948
8.008
7.848
7.649
7.629
7.639
7.369
7.300
7.230
7.210
7.200
7.140
7.200
7.170
7.040
6.971
6.951
6.861
6.911
6.911
6.921
6.811
6.791
6.811
6.831
6.831
6.761
6.861
6.951
7.150
7.170
7.758
8.317
9.992
11.608
13.572
15.188
17.142
18.987
20.563
21.470
22.148
23.135
23.814
24.282
24.621
24.821
24.960
24.183
23.933
23.754
23.165
22.996
22.388
22.158
22.687
22.607
22.886
23.445
25.589
26.536
27.154
27.224
27.134
25.499
23.774
23.255
22.936
22.747
22.697
21.979
20.971
20.114
18.558
18.548
17.312
16.364
15.417
14.918
14.470
13.792
13.373
12.904
12.695
12.435
11.917
11.707
11.398
11.089
10.720
10.401
10.012
9.723
9.374
8.925
8.616
8.407
8.117
8.077
8.187
8.127
7.908
7.888
7.818
7.679
7.579
7.509
7.509
7.449
7.399
7.359
7.270
7.280
7.240
7.160
7.100
7.070
6.941
6.971
6.951
6.990
6.990
6.990
7.130
7.250
7.290
7.300
7.788
8.297
9.573
10.890
12.096
13.423
14.549
15.916
17.052
17.621
18.119
18.688
18.827
19.067
19.246
19.516
19.885
19.964
19.336
19.137
18.748
17.860
16.833
16.634
16.265
16.554
16.833
17.302
18.618
19.436
19.785
19.725
19.685
19.486
18.957
18.309
18.458
18.040
17.621
17.122
16.324
15.307
14.091
13.133
11.997
11.528
11.119
11.039
10.890
10.291
10.042
9.972
9.813
9.523
9.294
9.344
9.045
8.766
8.417
8.367
8.097
7.738
7.439
7.180
6.931
6.751
6.442
6.422
6.422
6.492
6.362
6.342
6.312
6.173
6.173
6.193
6.173
6.173
6.163
6.163
6.163
6.153
6.093
6.063
6.043
6.003
6.083
6.083
6.133
6.163
6.213
6.213
6.183
6.173
6.113
6.083
6.003
5.445
5.186
5.245
5.335
5.425
5.425
5.465
5.535
5.634
5.704
5.415
5.315
5.415
5.385
5.435
5.614
5.594
5.564
5.535
5.555
5.574
5.445
5.445
5.485
5.485
5.485
5.415
5.475
5.614
5.614
5.714
5.834
5.764
5.714
5.694
5.744
5.624
5.764
5.654
5.574
5.535
5.525
5.475
5.365
5.445
5.923
6.073
6.153
6.103
6.133
6.043
6.033
6.033
6.053
5.943
5.834
5.854
5.854
5.804
5.754
5.764
5.774
5.694
5.674
5.614
5.594
5.545
5.525
5.465
5.545
5.495
5.295
5.315
5.315
5.215
5.275
5.136
5.176
5.146
5.136
5.036
4.956
4.986
4.956
4.906
4.896
4.926
4.876
4.956
4.876
4.886
4.876
4.876
4.876
4.926
5.056
5.146
5.265
5.215
5.036
5.315
5.674
5.914
5.963
6.043
6.153
6.203
6.292
6.352
6.631
6.641
6.522
6.442
6.342
6.253
6.143
5.983
5.704
5.814
5.594
5.445
5.694
5.884
5.844
6.043
6.083
6.243
6.153
6.033
6.113
6.203
6.083
6.083
5.904
5.824
5.794
5.555
5.375
5.235
5.215
5.545
5.933
6.073
5.993
5.834
5.854
5.724
5.754
5.774
5.654
5.844
5.724
5.634
5.574
5.495
5.584
5.505
5.445
5.455
5.385
5.345
5.255
5.146
5.215
5.146
5.166
5.116
5.016
5.076
5.046
5.076
5.026
5.076
5.026
4.956
5.016
4.996
4.986
4.976
4.936
4.896
4.886
4.886
4.896
4.866
4.916
4.876
4.827
4.896
4.837
4.767
4.817
4.637
4.507
4.517
4.138
4.059
4.138
4.198
4.178
4.218
4.258
4.288
4.438
4.617
4.827
4.886
5.066
5.076
5.076
5.016
5.106
5.106
5.036
4.996
5.026
4.976
5.096
5.106
5.235
5.255
5.365
5.425
5.285
5.475
5.465
5.435
5.365
5.574
5.495
5.535
5.405
5.375
5.445
5.415
5.375
5.245
5.694
6.083
6.043
6.013
6.013
6.043
5.914
5.814
5.804
5.814
5.774
5.734
5.714
5.734
5.764
5.584
5.584
5.564
5.564
5.594
5.515
5.445
5.525
5.535
5.505
5.425
5.425
5.415
5.415
5.385
5.405
5.455
5.445
5.425
5.395
5.365
5.385
5.445
5.435
5.355
5.325
5.235
5.255
5.285
5.305
5.365
5.365
5.395
5.335
5.365
5.355
4.966
4.777
4.537
4.478
4.497
4.497
4.507
4.627
4.737
4.697
4.787
4.727
4.787
4.837
4.856
4.797
4.866
4.886
4.817
4.657
4.717
4.627
4.607
4.607
4.567
4.527
4.517
4.487
4.368
4.487
4.438
4.547
4.647
4.567
4.577
4.597
4.517
4.617
4.577
4.527
4.527
4.587
4.667
5.056
5.495
5.664
5.684
5.754
5.904
6.043
5.943
5.864
5.495
5.634
5.555
5.654
5.724
5.584
5.654
5.574
5.604
5.564
5.644
5.694
5.634
5.604
5.604
5.515
5.435
5.415
5.385
5.225
5.235
5.176
5.205
5.106
5.066
5.046
4.956
5.116
5.096
5.126
5.036
5.066
5.006
5.016
4.976
4.976
4.936
4.996
5.036
4.996
5.056
5.215
5.415
6.272
6.791
8.048
9.154
9.673
10.511
11.279
12.036
12.744
13.223
13.413
13.792
13.981
14.619
14.649
14.739
14.918
14.799
14.679
14.749
14.510
14.160
13.532
13.442
13.083
13.193
13.542
14.021
14.609
15.218
15.317
15.307
15.307
15.208
14.928
14.769
14.440
14.270
14.151
14.041
13.512
12.635
11.917
11.468
11.009
10.820
10.650
10.212
9.962
9.414
9.334
9.354
8.895
8.606
8.277
8.257
8.038
8.028
7.818
7.998
7.968
7.559
7.369
7.220
6.861
6.612
6.452
6.372
6.243
5.993
5.973
5.914
5.784
5.754
5.734
5.564
5.654
5.505
5.425
5.485
5.385
5.415
5.405
5.415
5.435
5.345
5.355
5.315
5.325
5.335
5.395
5.415
5.355
5.435
5.564
5.734
6.243
6.781
8.187
8.845
9.444
10.072
10.511
11.029
11.717
12.006
12.066
12.435
12.794
12.864
13.064
13.273
13.253
13.083
13.193
13.044
12.515
12.375
12.226
11.947
11.797
11.787
12.116
12.415
12.934
12.904
12.535
12.715
12.754
12.884
12.794
12.724
12.904
12.615
12.136
11.957
11.747
11.438
11.029
10.441
9.942
10.022
10.321
10.192
9.474
9.474
9.154
9.105
8.935
8.696
8.915
8.626
8.506
8.486
8.247
8.157
7.918
7.758
7.639
7.359
7.020
6.861
6.661
6.602
6.602
6.462
6.512
6.322
6.173
5.933
5.814
5.814
5.674
5.664
5.594
5.535
5.465
5.465
5.435
5.395
5.415
5.365
5.345
5.425
5.365
5.395
5.405
5.395
5.375
5.624
5.814
5.953
6.272
6.821
7.888
8.576
9.553
10.172
10.720
11.279
11.987
12.136
12.365
12.395
12.685
13.103
13.383
13.712
13.632
13.762
13.602
13.313
13.044
12.675
12.475
12.535
12.306
12.076
12.056
12.545
13.103
13.213
13.153
13.333
13.393
13.562
13.442
13.562
13.353
13.203
12.874
12.904
12.375
11.757
11.298
10.820
10.541
10.281
9.862
10.082
9.972
9.733
9.683
9.763
9.404
9.234
9.334
9.284
9.055
9.085
9.035
8.776
8.706
8.456
8.197
7.798
7.569
7.300
7.030
7.110
7.010
6.951
6.691
6.452
6.412
6.243
6.123
6.073
5.874
5.864
5.814
5.814
5.804
5.774
5.744
5.744
5.694
5.674
5.664
5.644
5.664
5.704
5.684
5.674
5.704
5.664
5.914
6.093
6.572
7.100
8.058
8.666
9.912
10.571
11.059
11.578
12.276
12.724
12.974
13.303
13.283
13.373
13.841
13.672
13.542
13.442
13.592
13.732
13.263
13.183
12.914
12.744
12.495
12.535
12.415
12.545
12.944
13.243
13.363
13.203
13.103
12.944
12.944
12.754
12.665
12.715
12.515
12.814
12.036
11.727
11.578
11.139
10.800
10.371
10.351
10.820
10.371
10.132
10.102
10.172
10.102
9.793
9.464
9.144
9.184
9.085
8.985
8.716
8.716
8.706
8.267
8.067
7.758
7.509
7.459
7.220
7.110
7.010
6.831
6.721
6.552
6.472
6.392
6.412
6.253
6.272
6.133
6.053
6.033
6.003
5.963
5.894
5.894
5.933
5.904
5.874
5.894
5.923
5.953
5.953
5.933
5.993
6.193
6.203
6.681
7.040
7.908
8.616
9.623
10.451
11.209
12.036
12.655
13.233
13.592
13.991
14.021
14.619
15.247
15.347
15.327
15.198
15.228
15.218
14.839
14.280
13.502
13.163
12.854
12.784
12.874
13.083
13.482
13.752
13.632
13.433
13.143
13.163
13.083
12.994
12.734
12.595
12.505
12.296
11.817
11.598
11.179
10.511
10.401
9.992
10.082
10.032
9.494
9.444
9.513
9.474
9.055
8.985
8.576
8.556
8.596
8.407
8.137
7.938
7.818
7.599
7.379
7.000
6.881
6.592
6.512
6.622
6.562
6.482
6.352
6.243
6.163
5.973
5.993
5.844
5.864
5.734
5.774
5.654
5.614
5.515
5.614
5.545
5.535
5.465
5.505
5.445
5.435
5.395
5.465
5.355
5.435
5.375
5.574
5.604
5.764
5.644
5.455
5.255
5.285
5.275
5.335
5.594
5.644
5.754
5.804
6.113
6.123
6.093
6.133
6.123
6.113
6.103
5.923
6.093
6.153
6.003
5.555
5.405
5.365
5.684
5.754
5.584
5.644
5.943
5.854
5.804
5.714
5.634
5.644
5.714
5.874
5.824
5.624
5.694
5.515
5.485
5.475
5.425
5.724
5.784
6.392
6.821
6.921
6.841
6.821
6.761
6.791
6.602
6.681
6.771
6.582
6.711
6.671
6.641
6.452
6.462
6.542
6.382
6.193
6.183
6.163
6.073
6.103