18.584
18.244
17.452
17.209
17.206
17.065
16.765
16.705
16.376
16.213
16.130
16.051
16.160
16.213
16.155
15.966
15.962
15.798
15.691
15.775
15.941
16.099
15.857
15.937
15.858
16.002
16.454
17.443
18.169
19.303
21.839
23.818
26.281
28.376
30.942
32.341
33.984
35.411
35.570
36.624
37.314
38.974
39.611
39.920
41.642
42.540
42.012
43.132
42.708
42.051
40.840
39.418
39.750
39.970
41.402
42.988
46.674
49.190
50.722
51.235
51.899
51.880
52.272
51.088
49.943
49.337
45.207
43.041
43.495
41.462
38.709
35.644
33.189
30.915
29.309
28.221
27.062
27.767
27.535
26.846
26.434
26.262
25.869
25.227
24.459
24.141
23.209
22.855
22.812
21.977
20.944
19.542
18.609
18.052
17.322
17.429
17.347
17.318
17.208
17.120
16.766
16.684
16.654
16.488
16.325
16.321
16.132
16.162
16.297
16.265
16.024
16.163
16.325
16.325
16.297
16.431
16.354
16.565
16.245
16.511
16.263
16.042
15.809
16.370
15.981
15.463
15.294
14.953
15.495
15.520
15.453
16.167
16.688
17.038
16.903
16.960
17.062
16.770
17.072
17.231
17.096
17.132
17.561
17.351
17.666
17.117
16.762
16.635
17.106
17.649
17.708
17.929
18.154
18.588
18.591
18.725
18.614
18.508
18.619
18.751
18.589
18.616
18.604
17.979
17.935
18.445
18.188
18.900
17.835
17.482
17.430
17.572
17.912
17.251
16.710
16.733
16.540
16.348
16.263
16.048
16.160
16.348
16.250
16.784
16.405
16.378
16.405
16.396
15.936
15.926
15.436
15.303
15.418
15.762
15.383
15.354
15.241
14.993
14.780
14.966
14.777
14.774
14.630
14.230
14.493
14.114
14.085
14.011
14.334
14.275
14.033
14.111
13.895
13.946
13.815
14.003
13.923
14.003
13.921
13.909
13.260
11.885
12.046
11.967
12.071
11.884
11.994
12.082
12.433
12.465
12.707
12.623
12.494
12.771
13.164
13.599
13.682
13.784
13.487
13.522
13.925
13.766
13.932
14.121
14.118
13.934
14.231
14.232
14.284
14.185
14.640
14.388
13.955
13.958
14.074
14.507
14.512
14.758
14.890
14.700
14.701
14.761
15.052
14.701
14.727
14.677
14.921
16.381
17.628
17.655
17.680
17.551
17.873
17.737
17.709
17.654
17.621
17.328
17.576
17.788
17.543
17.483
17.157
17.103
17.127
16.958
16.628
16.413
16.460
16.107
16.080
16.078
15.941
15.857
15.746
15.577
15.389
15.443
15.437
15.162
14.948
15.078
14.779
14.698
14.754
14.809
14.885
14.615
14.613
14.562
14.695
14.587
14.624
15.092
15.538
16.177
17.059
17.925
21.978
23.896
26.037
28.382
31.207
33.246
35.432
36.606
37.708
37.968
38.620
39.669
39.958
40.703
42.243
42.241
42.081
42.354
42.237
41.850
40.336
40.233
40.648
40.865
42.123
44.687
49.093
51.244
52.400
51.997
52.533
51.688
50.876
50.440
50.757
50.010
48.555
47.332
45.483
42.595
38.612
35.929
33.497
32.369
30.727
30.606
30.034
28.735
29.292
28.479
27.322
26.772
26.523
26.318
25.629
25.178
24.434
23.907
23.408
22.929
22.100
21.348
20.443
20.001
19.574
18.571
18.558
17.938
18.096
17.873
17.575
17.593
17.135
17.213
17.076
16.993
16.913
16.960
16.605
16.443
16.465
16.224
16.358
16.306
16.385
16.276
16.273
16.115
16.331
16.333
16.387
16.425
16.997
17.165
18.839
19.951
22.715
25.172
27.187
29.934
32.312
35.114
38.459
39.814
40.227
41.664
42.062
42.713
43.603
45.500
46.733
47.644
47.656
48.224
47.599
46.648
46.017
46.251
46.979
47.536
49.172
51.047
55.050
58.425
60.540
62.075
62.198
62.654
61.719
60.831
59.579
58.179
56.273
53.998
52.533
48.483
45.185
41.519
38.578
35.802
34.177
33.753
33.113
32.554
31.909
31.093
29.906
29.294
28.705
27.907
27.575
27.283
26.323
25.987
25.530
24.416
23.151
22.237
21.418
21.221
20.852
20.036
19.952
19.862
19.425
19.260
19.154
19.282
18.902
18.864
18.293
18.212
18.238
18.180
18.013
17.794
17.632
17.686
17.687
17.711
17.573
17.464
17.438
17.489
17.330
17.497
17.718
17.939
18.165
18.636
19.131
19.604
24.414
28.645
31.873
36.283
39.318
44.418
50.462
54.519
56.619
60.521
62.245
63.597
64.251
64.834
67.480
67.221
66.586
65.533
64.493
62.702
60.993
60.558
61.217
62.264
64.579
67.552
72.796
75.817
76.484
76.154
76.386
75.327
72.797
69.920
64.852
63.107
59.385
55.826
52.909
49.611
45.146
41.527
39.384
38.143
36.455
34.316
32.775
30.986
30.410
30.336
29.357
29.526
28.401
28.064
27.591
27.113
26.396
25.950
25.424
25.002
24.249
23.362
22.505
21.785
21.104
20.994
20.960
20.577
20.463
20.164
20.125
19.544
18.943
18.728
18.863
18.801
18.448
18.394
18.417
18.202
18.307
18.115
18.031
17.867
17.817
17.926
17.954
17.980
17.926
17.926
17.931
18.183
18.632
19.404
20.087
20.340
23.615
27.196
30.744
34.964
39.591
43.339
46.497
48.683
50.320
52.027
52.996
54.316
53.785
54.883
55.849
56.964
57.165
56.014
55.308
54.675
52.116
51.592
51.853
52.485
53.676
55.187
60.189
64.251
65.241
65.952
66.602
66.927
66.310
64.681
62.807
62.499
59.736
57.825
55.465
52.644
48.735
44.233
41.233
38.368
36.634
36.366
35.301
34.084
33.495
32.771
30.742
30.426
29.681
29.288
28.700
27.974
27.093
26.685
26.720
25.697
24.945
24.081
23.029
22.066
21.530
21.883
21.871
21.235
20.688
20.470
20.466
20.275
20.186
19.806
19.803
19.632
19.221
19.031
18.999
18.780
18.700
18.723
18.530
18.368
18.393
18.312
18.314
18.423
18.447
18.285
18.313
18.383
19.178
19.658
20.619
21.250
24.373
26.993
30.124
33.997
37.732
40.919
43.780
45.079
45.224
46.945
47.568
48.287
48.363
47.648
47.791
48.014
46.766
46.428
46.067
44.500
41.875
39.993
39.406
38.970
39.187
40.416
41.509
42.546
43.540
43.660
44.089
43.529
43.009
41.749
40.621
39.237
38.686
37.198
35.460
33.477
31.493
29.370
28.358
26.835
25.669
25.998
26.127
25.711
25.316
24.619
23.796
23.445
23.600
23.192
23.176
22.349
21.743
21.325
20.803
20.490
19.746
19.190
18.488
17.262
16.941
17.183
17.098
16.901
16.485
15.996
15.915
15.942
15.940
15.804
15.965
15.852
15.635
15.604
15.389
15.443
15.443
15.439
15.275
15.194
15.219
15.084
15.086
15.220
15.135
14.917
14.854
14.424
14.570
15.148
15.621
14.880
14.362
14.118
14.125
14.455
14.772
14.388
15.492
16.622
16.204
15.608
15.583
15.723
15.943
16.128
15.879
15.609
15.643
16.026
16.200
15.384
15.223
15.295
14.804
14.645
14.820
15.468
15.360
15.388
15.413
15.336
15.553
15.580
15.584
15.770
15.584
15.741
15.475
15.583
15.585
15.678
16.262
15.697
15.862
16.044
17.042
18.209
18.292
18.348
18.418
17.879
18.040
17.953
17.648
17.296
17.323
17.321
17.189
17.380
17.427
17.097
16.850
16.686
16.597
16.189
16.112
16.326
16.221
16.331
16.439
16.434
16.158
15.886
15.828
15.636
15.521
15.141
15.084
14.974
14.896
15.028
14.836
14.728
14.728
14.726
14.644
14.619
14.699
14.646
14.697
14.532
14.397
14.426
14.538
14.726
14.610
14.252
13.859
13.180
12.904
12.634
12.662
12.714
12.579
12.586
12.969
13.183
13.078
13.246
13.545
13.625
13.599
13.632
13.953
13.764
13.769
14.016
14.235
14.346
14.514
14.801
14.239
14.558
14.287
14.240
14.588
14.424
14.320
14.564
14.588
14.462
14.918
14.732
14.889
14.618
14.563
14.566
14.680
14.972
14.743
15.476
16.978
17.653
17.499
17.911
18.202
17.845
17.571
17.462
17.406
17.326
17.382
17.455
17.076
17.045
16.886
17.045
16.879
16.874
16.632
16.688
16.821
16.671
15.913
15.943
16.074
15.857
15.830
15.855
15.770
15.577
15.357
15.195
15.222
15.191
15.003
15.079
14.810
14.891
14.892
14.941
14.670
14.669
14.619
14.808
14.779
14.703
14.979
15.232
15.757
16.287
17.123
18.390
22.168
23.838
25.831
27.543
30.065
32.107
34.488
35.894
36.321
37.108
38.138
38.854
38.947
39.519
40.679
40.970
40.342
40.549
39.938
39.558
38.392
37.731
37.656
38.031
39.011
40.065
43.433
45.499
46.836
47.454
47.977
49.298
48.980
48.236
48.315
48.130
47.140
45.888
43.938
41.406
38.626
35.580
32.723
30.827
29.016
29.964
29.641
28.425
27.656
27.434
27.198
26.255
25.424
24.706
24.247
24.425
23.794
23.488
23.129
22.836
21.789
21.041
20.324
19.719
19.333
19.017
18.095
18.136
17.431
17.426
17.190
17.564
17.315
17.033
16.488
16.298
16.272
16.325
16.296
16.187
16.158
16.048
15.966
15.911
15.886
15.967
15.942
16.076
15.994
15.967
15.968
16.003
16.473
16.960
18.340
19.658
23.256
25.320
27.890
29.732
31.835
33.211
35.051
36.743
37.719
38.542
39.934
40.910
41.562
41.132
41.652
41.526
40.673
40.668
40.390
40.206
39.228
38.361
37.598
37.901
38.012
39.513
41.904
43.296
45.455
44.565
45.429
45.979
45.837
44.232
43.860
43.221
42.925
41.841
39.828
38.071
35.287
33.159
32.202
30.863
30.881
30.393
29.200
28.220
28.364
27.376
26.867
25.954
25.237
24.791
24.242
23.999
22.689
22.436
22.049
21.677
20.748
20.429
19.417
18.992
18.061
17.606
17.949
17.460
17.403
17.206
16.849
16.609
16.816
16.330
16.411
16.407
16.160
16.022
15.860
15.884
15.749
15.750
15.804
15.799
15.554
15.475
15.559
15.748
15.695
15.751
15.857
15.760
16.356
17.757
18.779
19.763
22.920
24.724
27.912
30.746
33.323
36.468
39.015
40.144
41.669
42.297
43.482
44.930
45.749
46.778
47.238
48.111
47.582
47.298
46.880
46.651
44.838
43.764
43.842
45.071
45.975
47.107
49.988
51.825
52.288
51.846
51.836
51.345
50.259
49.888
49.350
48.661
47.361
45.811
44.096
40.958
38.150
36.467
34.567
32.725
30.933
30.154
29.482
28.632
28.408
28.126
27.681
27.229
26.401
25.902
25.432
25.070
24.663
24.760
24.115
23.127
22.668
21.454
20.488
19.740
18.952
18.895
18.748
18.180
18.225
17.792
17.785
17.422
16.878
16.770
16.792
16.522
16.523
16.573
16.358
16.465
16.406
16.160
16.030
16.298
16.159
15.998
16.051
16.026
16.108
16.135
16.135
16.165
16.340
16.977
17.736
19.115
20.307
21.638
24.459
26.953
29.120
31.159
33.485
34.948
35.521
36.804
37.934
38.183
38.276
38.833
39.211
40.283
40.310
40.248
39.873
38.933
37.207
35.991
35.523
35.472
37.097
38.950
42.535
44.549
46.031
47.077
46.925
47.582
47.292
46.556
45.578
44.939
44.692
43.204
43.157
40.773
38.379
35.343
32.966
30.449
28.961
28.337
28.512
27.687
27.384
27.189
26.956
26.217
26.043
25.496
25.377
24.849
24.322
23.807
23.932
23.338
22.179
21.268
20.538
19.312
19.098
19.242
19.660
18.868
18.567
18.431
18.422
17.930
17.740
17.738
17.632
17.765
17.620
17.133
17.189
17.297
17.244
17.317
16.910
16.883
16.883
16.854
16.774
16.833
17.099
16.855
16.831
16.973
17.362
17.853
19.397
20.786
23.830
26.585
28.595
31.014
34.673
38.622
42.854
45.607
48.259
49.756
49.942
50.900
53.251
54.628
56.921
56.396
56.404
56.809
56.228
54.839
53.298
52.530
52.984
53.605
55.657
58.555
61.915
64.105
65.019
65.964
65.711
65.490
64.191
63.393
62.566
61.629
59.299
56.797
53.913
49.712
44.612
39.375
36.103
34.308
32.263
32.660
32.025
31.701
31.876
31.068
30.267
29.795
29.426
28.732
28.124
27.692
26.502
25.590
24.928
24.468
23.227
22.452
21.703
20.989
20.549
20.300
20.024
19.812
20.113
20.194
20.187
19.835
19.863
19.919
20.023
19.749
19.638
19.529
19.475
19.530
19.552
19.281
19.284
19.473
19.415
19.203
19.468
19.141
19.056
18.871
19.114
19.089
19.208
19.716
19.346
18.438
17.775
18.537
18.729
18.821
19.349
20.018
20.925
21.526
21.668
22.006
22.612
22.989
22.795
22.661
22.715
22.748
23.014
22.677
22.159
22.042
21.659
21.493
21.366
21.830
21.915
22.103
22.227
22.992
23.185
23.341
22.957
22.820
22.745
23.089
22.565
22.211
22.155
22.094
21.744
21.925
21.461
21.314
20.740
20.545
20.350
21.479
22.307
22.920
22.294
22.215
22.375
22.199
21.545
21.468
21.674
21.098
20.796
20.658
20.516
20.218
20.241
20.024
20.046
19.771
19.606
19.469
19.388
19.445
19.582
19.657
19.305
19.357
19.250
19.327
19.115
19.334
19.436
19.081
18.974
19.057
19.138
19.111
19.105
18.833
18.776
18.776
18.800
18.612
18.716
18.501
18.579
18.413
18.251
18.286
18.678
17.914
16.258
16.097
16.207
16.263
16.399
16.405
16.735
16.989
17.510
17.830
17.561
17.645
17.811
17.949
18.087
18.225
18.358
18.195
18.225
18.360
18.333
18.305
18.280
18.389
18.388
18.337
18.535
18.971
19.060
19.465
19.361
19.582
19.800
19.828
19.852
19.721
19.933
19.722
19.989
19.796
19.601
19.350
19.024
18.972
19.109
20.613
21.184
21.182
21.085
21.710
21.786
21.464
21.705
21.514
21.484
21.327
21.620
21.327
21.619
21.293
21.262
21.091
20.685
20.738
20.662
20.961
20.954
20.601
20.602
20.677
20.290
19.961
19.816
19.301
19.373
18.881
18.666
18.774
18.743
18.580
18.522
18.335
18.498
18.503
18.744
18.636
18.642
18.941
18.972
19.164
19.268
19.082
19.254
19.763
20.802
22.701
28.188
33.154
38.480
43.071
48.705
54.719
59.214
61.795
64.373
66.447
68.137
68.671
67.303
66.859
67.113
67.273
66.889
65.720
63.067
61.455
57.524
55.881
55.597
56.784
57.987
59.897
65.009
68.359
69.506
69.483
68.216
67.746
66.680
65.049
65.895
65.020
62.981
59.950
57.350
53.820
49.484
45.770
42.117
39.921
38.809
38.152
36.843
35.867
35.011
34.686
33.448
31.774
31.494
31.174
30.144
29.158
27.645
28.365
27.521
26.198
25.417
24.499
23.468
22.247
22.402
21.956
21.412
21.358
21.370
20.634
20.439
20.248
20.194
20.157
19.997
20.158
20.070
19.713
19.522
19.463
19.222
19.357
19.358
19.379
19.080
19.027
19.082
19.136
19.132
18.948
19.224
19.479
20.023
20.109
21.740
23.353
28.015
32.546
38.034
42.594
48.100
53.306
57.741
60.307
62.257
65.056
66.984
68.318
69.282
69.851
70.200
68.006
67.294
66.758
65.102
64.591
62.878
62.264
63.735
63.529
64.340
66.025
72.098
74.801
76.546
76.741
76.398
71.693
66.818
65.349
64.444
63.910
63.735
61.675
58.816
56.339
52.009
51.913
48.434
45.759
43.113
41.711
40.437
38.546
37.367
36.066
35.477
34.736
33.301
32.709
31.845
30.978
29.949
29.055
27.975
27.165
26.187
24.945
24.089
23.502
22.712
22.609
22.904
22.730
22.131
22.072
21.875
21.489
21.214
21.023
21.020
20.854
20.717
20.603
20.359
20.384
20.271
20.051
19.886
19.798
19.447
19.527
19.475
19.584
19.584
19.591
19.977
20.305
20.414
20.468
21.826
23.281
26.836
30.533
33.914
37.620
40.799
44.632
47.809
49.413
50.827
52.413
52.815
53.489
54.003
54.772
55.803
55.992
54.235
53.658
52.529
50.010
47.152
46.578
45.573
46.387
47.186
48.555
52.253
54.543
55.512
55.345
55.223
54.640
53.135
51.343
51.734
50.550
49.361
47.935
45.672
42.795
39.388
36.690
33.541
32.232
31.107
30.880
30.438
28.786
28.100
27.900
27.448
26.645
26.021
26.141
25.309
24.528
23.573
23.422
22.669
21.674
20.872
20.153
19.465
18.960
18.118
18.064
18.067
18.250
17.897
17.841
17.752
17.373
17.374
17.427
17.373
17.372
17.345
17.345
17.345
17.314
17.150
17.068
17.011
16.907
17.124
17.127
17.264
17.348
17.483
17.482
17.400
17.370
17.206
17.120
16.873
15.344
14.643
14.810
15.058
15.301
15.304
15.416
15.611
15.885
16.059
15.269
15.003
15.272
15.194
15.339
15.825
15.769
15.686
15.606
15.661
15.709
15.357
15.359
15.467
15.467
15.464
15.286
15.457
15.835
15.840
16.118
16.439
16.247
16.110
16.059
16.188
15.870
16.244
15.942
15.723
15.614
15.584
15.443
15.150
15.392
16.699
17.110
17.324
17.190
17.267
17.022
16.995
16.996
17.045
16.741
16.444
16.498
16.495
16.357
16.222
16.250
16.273
16.055
15.998
15.834
15.777
15.641
15.584
15.426
15.639
15.494
14.953
15.007
15.002
14.734
14.889
14.513
14.619
14.538
14.505
14.231
14.016
14.095
14.012
13.876
13.848
13.927
13.796
14.008
13.792
13.819
13.791
13.791
13.794
13.936
14.293
14.542
14.864
14.720
14.248
15.024
16.012
16.664
16.804
17.026
17.327
17.468
17.715
17.892
18.652
18.673
18.343
18.121
17.845
17.595
17.289
16.840
16.088
16.374
15.770
15.378
16.064
16.577
16.479
17.023
17.140
17.568
17.318
16.997
17.219
17.456
17.131
17.122
16.630
16.412
16.317
15.658
15.163
14.783
14.747
15.661
16.724
17.099
16.874
16.442
16.489
16.136
16.219
16.267
15.952
16.459
16.130
15.883
15.716
15.505
15.744
15.524
15.363
15.386
15.194
15.081
14.832
14.538
14.723
14.535
14.586
14.446
14.179
14.339
14.260
14.338
14.206
14.338
14.199
14.013
14.175
14.120
14.092
14.063
13.953
13.844
13.817
13.817
13.843
13.764
13.898
13.787
13.655
13.841
13.675
13.489
13.615
13.121
12.770
12.777
11.746
11.534
11.753
11.915
11.863
11.973
12.082
12.171
12.586
13.084
13.648
13.819
14.307
14.334
14.331
14.173
14.417
14.413
14.222
14.115
14.193
14.064
14.389
14.424
14.776
14.836
15.137
15.292
14.923
15.437
15.408
15.323
15.145
15.709
15.495
15.596
15.243
15.165
15.353
15.270
15.155
14.827
16.065
17.120
17.010
16.929
16.930
17.004
16.647
16.376
16.349
16.374
16.264
16.154
16.101
16.157
16.229
15.741
15.740
15.686
15.688
15.764
15.544
15.359
15.576
15.602
15.516
15.299
15.299
15.272
15.270
15.187
15.244
15.379
15.351
15.295
15.212
15.132
15.189
15.352
15.320
15.102
15.016
14.773
14.829
14.911
14.969
15.131
15.133
15.211
15.050
15.131
15.083
14.018
13.491
12.839
12.678
12.732
12.733
12.766
13.096
13.391
13.288
13.528
13.369
13.534
13.670
13.721
13.562
13.753
13.803
13.606
13.176
13.333
13.089
13.035
13.033
12.923
12.814
12.786
12.698
12.380
12.702
12.572
12.875
13.141
12.925
12.953
13.003
12.792
13.061
12.950
12.815
12.818
12.984
13.221
14.299
15.499
15.960
16.018
16.216
16.630
17.003
16.728
16.492
15.498
15.872
15.661
15.935
16.117
15.742
15.927
15.712
15.791
15.687
15.906
16.039
15.875
15.793
15.789
15.541
15.323
15.267
15.178
14.745
14.769
14.608
14.684
14.412
14.302
14.244
14.009
14.440
14.388
14.464
14.222
14.300
14.138
14.164
14.055
14.053
13.948
14.112
14.219
14.114
14.284
14.728
15.315
17.671
19.149
22.630
25.676
27.139
29.472
31.616
33.734
35.705
37.031
37.574
38.627
39.184
40.943
41.032
41.289
41.778
41.442
41.115
41.294
40.616
39.620
37.885
37.618
36.637
36.957
37.943
39.293
40.947
42.631
42.907
42.879
42.874
42.583
41.804
41.346
40.430
39.955
39.620
39.289
37.787
35.335
33.338
32.082
30.814
30.286
29.798
28.583
27.872
26.368
26.151
26.180
24.912
24.105
23.206
23.140
22.541
22.503
21.942
22.429
22.326
21.201
20.684
20.257
19.267
18.580
18.142
17.918
17.552
16.874
16.816
16.647
16.293
16.211
16.148
15.692
15.928
15.518
15.304
15.461
15.192
15.273
15.246
15.274
15.324
15.081
15.106
14.998
15.025
15.056
15.219
15.270
15.112
15.335
15.696
16.184
17.594
19.134
22.998
24.826
26.494
28.236
29.465
30.923
32.824
33.622
33.806
34.839
35.829
36.032
36.592
37.167
37.103
36.643
36.936
36.496
35.037
34.644
34.219
33.444
33.033
33.023
33.942
34.783
36.206
36.104
35.101
35.596
35.712
36.064
35.814
35.632
36.109
35.289
33.965
33.460
32.869
31.999
30.846
29.208
27.848
28.081
28.893
28.500
26.537
26.519
25.645
25.499
25.024
24.382
24.965
24.169
23.842
23.775
23.117
22.859
22.198
21.757
21.416
20.637
19.706
19.261
18.715
18.552
18.545
18.168
18.293
17.770
17.351
16.694
16.369
16.362
15.982
15.951
15.758
15.592
15.403
15.401
15.318
15.211
15.262
15.126
15.077
15.290
15.130
15.212
15.238
15.210
15.169
15.856
16.378
16.774
17.670
19.219
22.161
24.090
26.792
28.513
30.045
31.613
33.563
33.987
34.619
34.716
35.534
36.700
37.486
38.387
38.176
38.524
38.069
37.259
36.498
35.473
34.928
35.080
34.438
33.807
33.778
35.150
36.690
36.990
36.835
37.332
37.506
37.966
37.643
37.961
37.377
36.948
36.044
36.097
34.612
32.890
31.606
30.279
29.500
28.768
27.634
28.228
27.915
27.258
27.126
27.317
26.327
25.868
26.138
25.990
25.365
25.444
25.293
24.582
24.378
23.684
22.955
21.856
21.216
20.468
19.740
19.952
19.677
19.500
18.782
18.129
18.012
17.544
17.216
17.070
16.528
16.498
16.363
16.362
16.334
16.251
16.169
16.167
16.030
15.976
15.947
15.894
15.951
16.058
16.003
15.978
16.057
15.962
16.649
17.162
18.491
19.980
22.620
24.347
27.787
29.616
30.982
32.441
34.382
35.628
36.332
37.235
37.186
37.458
38.741
38.269
37.906
37.640
38.059
38.418
37.124
36.890
36.140
35.661
34.978
35.081
34.759
35.136
36.249
37.078
37.399
36.955
36.672
36.233
36.223
35.697
35.453
35.579
35.048
35.827
33.675
32.818
32.384
31.163
30.210
29.035
29.005
30.264
29.023
28.366
28.288
28.476
28.268
27.405
26.488
25.618
25.722
25.444
25.157
24.422
24.421
24.371
23.163
22.603
21.746
21.065
20.916
20.259
19.955
19.673
19.179
18.872
18.406
18.185
17.969
18.013
17.580
17.627
17.243
17.025
16.969
16.886
16.774
16.585
16.587
16.693
16.611
16.531
16.586
16.669
16.750
16.749
16.698
16.871
17.414
17.467
18.787
19.810
22.211
24.196
26.991
29.296
31.417
33.721
35.451
37.061
38.071
39.171
39.286
40.968
42.707
42.982
42.920
42.564
42.646
42.598
41.523
39.941
37.780
36.830
35.976
35.789
36.046
36.644
37.755
38.490
38.151
37.586
36.792
36.842
36.618
36.357
35.637
35.248
34.989
34.388
33.062
32.437
31.253
29.417
29.094
27.980
28.223
28.057
26.582
26.449
26.638
26.506
25.359
25.146
24.029
23.977
24.075
23.544
22.799
22.249
21.911
21.301
20.683
19.646
19.304
18.514
18.302
18.598
18.430
18.206
17.848
17.546
17.319
16.805
16.851
16.446
16.493
16.143
16.245
15.918
15.804
15.539
15.806
15.616
15.585
15.398
15.503
15.340
15.311
15.206
15.390
15.096
15.310
15.158
15.701
15.790
16.218
15.882
15.358
14.818
14.899
14.875
15.051
15.757
15.898
16.199
16.351
17.191
17.217
17.138
17.246
17.218
17.190
17.154
16.675
17.139
17.293
16.863
15.636
15.228
15.137
16.007
16.187
15.730
15.908
16.716
16.470
16.330
16.082
15.865
15.896
16.094
16.525
16.379
15.841
16.021
15.532
15.451
15.421
15.301
16.117
16.312
17.987
19.159
19.426
19.208
19.151
18.990
19.061
18.550
18.771
19.005
18.497
18.847
18.737
18.646
18.131
18.162
18.374
17.930
17.414
17.386
17.327
17.084
17.162
