2.487
2.442
2.333
2.300
2.300
2.281
2.240
2.233
2.188
2.165
2.154
2.143
2.158
2.165
2.158
2.132
2.132
2.109
2.094
2.105
2.128
2.150
2.117
2.128
2.117
2.135
2.195
2.330
2.427
2.577
2.921
3.186
3.519
3.799
4.147
4.334
4.555
4.749
4.768
4.910
5.000
5.224
5.310
5.348
5.579
5.703
5.628
5.781
5.725
5.639
5.478
5.284
5.329
5.355
5.546
5.751
6.245
6.582
6.787
6.855
6.944
6.941
6.997
6.840
6.686
6.615
6.062
5.766
5.834
5.564
5.198
4.787
4.458
4.151
3.934
3.788
3.627
3.725
3.695
3.601
3.545
3.523
3.470
3.384
3.280
3.238
3.111
3.063
3.059
2.947
2.808
2.618
2.491
2.416
2.315
2.330
2.319
2.315
2.300
2.289
2.240
2.229
2.225
2.203
2.180
2.180
2.154
2.158
2.176
2.173
2.139
2.158
2.180
2.180
2.176
2.195
2.184
2.214
2.169
2.206
2.173
2.143
2.109
2.188
2.135
2.064
2.042
1.993
2.068
2.072
2.061
2.158
2.229
2.277
2.259
2.266
2.281
2.240
2.281
2.304
2.285
2.289
2.348
2.319
2.363
2.289
2.240
2.221
2.285
2.360
2.367
2.397
2.427
2.487
2.487
2.506
2.491
2.476
2.491
2.509
2.487
2.491
2.491
2.405
2.397
2.468
2.431
2.532
2.386
2.337
2.330
2.348
2.397
2.307
2.233
2.236
2.210
2.184
2.173
2.143
2.158
2.184
2.169
2.244
2.191
2.188
2.191
2.191
2.128
2.128
2.061
2.042
2.057
2.105
2.053
2.049
2.034
2.001
1.971
1.997
1.971
1.971
1.952
1.896
1.933
1.881
1.877
1.866
1.911
1.903
1.870
1.881
1.851
1.859
1.840
1.866
1.855
1.866
1.855
1.855
1.769
1.578
1.601
1.589
1.604
1.578
1.593
1.604
1.653
1.657
1.690
1.679
1.660
1.698
1.750
1.810
1.821
1.836
1.795
1.799
1.855
1.832
1.855
1.881
1.881
1.855
1.896
1.896
1.903
1.888
1.952
1.918
1.859
1.859
1.874
1.933
1.933
1.967
1.986
1.960
1.960
1.967
2.008
1.960
1.963
1.956
1.986
2.184
2.356
2.360
2.363
2.345
2.390
2.371
2.367
2.360
2.356
2.315
2.348
2.378
2.345
2.337
2.292
2.285
2.289
2.266
2.221
2.191
2.199
2.150
2.147
2.147
2.128
2.117
2.102
2.079
2.053
2.061
2.061
2.023
1.993
2.012
1.971
1.960
1.967
1.974
1.986
1.948
1.948
1.941
1.960
1.945
1.948
2.012
2.072
2.158
2.277
2.386
2.939
3.197
3.485
3.799
4.181
4.454
4.749
4.906
5.056
5.090
5.176
5.318
5.355
5.452
5.662
5.662
5.639
5.677
5.662
5.613
5.407
5.392
5.449
5.475
5.639
5.976
6.567
6.855
7.012
6.956
7.030
6.918
6.810
6.750
6.795
6.698
6.503
6.342
6.099
5.718
5.183
4.824
4.495
4.345
4.121
4.106
4.031
3.852
3.930
3.822
3.665
3.590
3.556
3.530
3.437
3.377
3.276
3.205
3.137
3.074
2.962
2.861
2.737
2.678
2.621
2.483
2.483
2.397
2.419
2.390
2.348
2.352
2.289
2.300
2.281
2.270
2.259
2.266
2.218
2.195
2.199
2.165
2.184
2.176
2.188
2.173
2.173
2.150
2.180
2.180
2.188
2.191
2.270
2.289
2.517
2.663
3.037
3.369
3.639
4.009
4.327
4.701
5.153
5.336
5.389
5.583
5.636
5.722
5.837
6.092
6.256
6.380
6.380
6.458
6.376
6.249
6.163
6.193
6.290
6.361
6.578
6.821
7.352
7.801
8.081
8.287
8.302
8.365
8.242
8.126
7.962
7.778
7.528
7.225
7.038
6.499
6.062
5.572
5.179
4.805
4.585
4.529
4.443
4.368
4.282
4.173
4.013
3.930
3.852
3.743
3.698
3.661
3.530
3.485
3.425
3.276
3.104
2.980
2.868
2.842
2.793
2.681
2.670
2.659
2.599
2.577
2.562
2.580
2.528
2.524
2.446
2.434
2.438
2.431
2.408
2.378
2.356
2.363
2.363
2.367
2.348
2.333
2.330
2.337
2.315
2.337
2.367
2.397
2.427
2.491
2.558
2.610
3.261
3.833
4.263
4.858
5.258
5.935
6.742
7.285
7.558
8.077
8.306
8.485
8.571
8.642
8.997
8.964
8.881
8.743
8.608
8.373
8.145
8.085
8.171
8.306
8.608
8.994
9.685
10.086
10.175
10.130
10.164
10.030
9.700
9.330
8.657
8.433
7.943
7.472
7.086
6.653
6.058
5.572
5.284
5.119
4.895
4.607
4.401
4.158
4.080
4.072
3.938
3.964
3.811
3.766
3.702
3.639
3.541
3.482
3.410
3.354
3.253
3.134
3.018
2.921
2.827
2.812
2.808
2.756
2.741
2.700
2.696
2.618
2.535
2.506
2.524
2.517
2.468
2.461
2.464
2.434
2.449
2.423
2.412
2.390
2.382
2.397
2.401
2.405
2.397
2.397
2.397
2.431
2.491
2.595
2.689
2.715
3.156
3.639
4.114
4.678
5.299
5.800
6.223
6.514
6.731
6.959
7.086
7.266
7.191
7.337
7.464
7.614
7.644
7.490
7.397
7.318
6.974
6.903
6.937
7.019
7.176
7.367
8.029
8.571
8.702
8.795
8.881
8.926
8.848
8.635
8.384
8.350
7.984
7.733
7.423
7.053
6.537
5.935
5.535
5.149
4.914
4.880
4.738
4.573
4.495
4.401
4.125
4.084
3.983
3.930
3.852
3.755
3.635
3.579
3.586
3.448
3.347
3.231
3.089
2.958
2.883
2.932
2.932
2.846
2.771
2.741
2.741
2.715
2.704
2.651
2.651
2.629
2.573
2.547
2.543
2.513
2.502
2.506
2.479
2.457
2.461
2.449
2.449
2.464
2.468
2.446
2.449
2.457
2.565
2.629
2.760
2.838
3.261
3.612
4.031
4.551
5.052
5.478
5.864
6.039
6.054
6.286
6.368
6.466
6.477
6.380
6.398
6.432
6.264
6.219
6.174
5.968
5.617
5.363
5.284
5.224
5.250
5.415
5.561
5.699
5.834
5.849
5.909
5.834
5.766
5.598
5.449
5.262
5.191
4.992
4.760
4.495
4.229
3.942
3.807
3.601
3.440
3.485
3.504
3.448
3.396
3.302
3.190
3.141
3.164
3.108
3.108
2.995
2.913
2.857
2.786
2.745
2.644
2.569
2.476
2.307
2.262
2.296
2.285
2.259
2.203
2.135
2.124
2.128
2.128
2.109
2.132
2.117
2.087
2.083
2.053
2.061
2.061
2.061
2.038
2.027
2.031
2.012
2.012
2.031
2.019
1.989
1.982
1.922
1.941
2.019
2.087
1.986
1.915
1.881
1.881
1.926
1.971
1.915
2.064
2.221
2.165
2.083
2.079
2.098
2.128
2.154
2.120
2.083
2.087
2.139
2.165
2.053
2.031
2.042
1.974
1.952
1.974
2.064
2.049
2.053
2.057
2.046
2.075
2.079
2.079
2.105
2.079
2.102
2.064
2.079
2.079
2.090
2.173
2.094
2.117
2.139
2.274
2.434
2.446
2.453
2.464
2.390
2.412
2.401
2.360
2.311
2.315
2.315
2.296
2.322
2.330
2.285
2.251
2.229
2.218
2.161
2.150
2.180
2.165
2.180
2.195
2.195
2.158
2.120
2.113
2.087
2.072
2.019
2.012
1.997
1.986
2.004
1.978
1.963
1.963
1.963
1.952
1.948
1.960
1.952
1.960
1.937
1.918
1.922
1.937
1.963
1.948
1.900
1.847
1.754
1.716
1.679
1.683
1.690
1.672
1.672
1.724
1.754
1.739
1.761
1.802
1.814
1.810
1.814
1.859
1.832
1.832
1.866
1.896
1.911
1.933
1.974
1.896
1.941
1.903
1.896
1.945
1.922
1.907
1.941
1.945
1.926
1.989
1.963
1.986
1.948
1.941
1.941
1.956
1.997
1.963
2.061
2.266
2.360
2.337
2.393
2.434
2.386
2.348
2.333
2.326
2.315
2.322
2.333
2.281
2.277
2.255
2.277
2.255
2.255
2.221
2.229
2.247
2.229
2.124
2.128
2.147
2.117
2.113
2.117
2.105
2.079
2.049
2.027
2.031
2.027
2.001
2.012
1.974
1.986
1.986
1.993
1.956
1.956
1.948
1.974
1.971
1.960
1.997
2.031
2.102
2.173
2.285
2.449
2.965
3.190
3.459
3.687
4.028
4.301
4.622
4.813
4.869
4.974
5.112
5.209
5.220
5.295
5.452
5.493
5.407
5.437
5.355
5.306
5.149
5.060
5.048
5.097
5.228
5.363
5.815
6.092
6.271
6.354
6.421
6.600
6.559
6.458
6.469
6.447
6.316
6.152
5.894
5.557
5.187
4.779
4.394
4.140
3.889
4.020
3.979
3.814
3.710
3.680
3.650
3.523
3.410
3.313
3.250
3.276
3.190
3.149
3.100
3.063
2.921
2.820
2.722
2.640
2.588
2.547
2.419
2.427
2.330
2.330
2.296
2.348
2.315
2.277
2.203
2.176
2.173
2.180
2.176
2.161
2.158
2.143
2.132
2.124
2.120
2.132
2.128
2.147
2.135
2.132
2.132
2.135
2.199
2.262
2.449
2.621
3.111
3.388
3.736
3.983
4.267
4.450
4.697
4.925
5.056
5.164
5.351
5.482
5.572
5.512
5.583
5.568
5.452
5.452
5.415
5.392
5.262
5.146
5.041
5.082
5.093
5.291
5.613
5.796
6.092
5.968
6.084
6.159
6.144
5.927
5.879
5.793
5.755
5.613
5.344
5.112
4.738
4.450
4.323
4.140
4.143
4.080
3.919
3.784
3.807
3.672
3.605
3.482
3.384
3.324
3.250
3.220
3.040
3.007
2.954
2.906
2.778
2.737
2.599
2.543
2.416
2.352
2.401
2.333
2.326
2.300
2.251
2.218
2.247
2.180
2.191
2.191
2.158
2.139
2.117
2.120
2.102
2.102
2.109
2.109
2.075
2.064
2.075
2.102
2.094
2.102
2.117
2.102
2.180
2.371
2.509
2.636
3.066
3.306
3.736
4.117
4.461
4.884
5.228
5.377
5.583
5.665
5.823
6.017
6.125
6.264
6.324
6.443
6.372
6.335
6.279
6.253
6.009
5.864
5.871
6.036
6.155
6.301
6.686
6.933
6.997
6.937
6.937
6.873
6.727
6.679
6.608
6.518
6.346
6.140
5.916
5.497
5.119
4.895
4.641
4.394
4.151
4.046
3.956
3.841
3.811
3.773
3.713
3.654
3.541
3.474
3.410
3.362
3.306
3.321
3.235
3.100
3.040
2.876
2.745
2.644
2.535
2.528
2.509
2.431
2.438
2.378
2.378
2.330
2.255
2.240
2.244
2.206
2.206
2.214
2.184
2.199
2.191
2.158
2.139
2.176
2.158
2.135
2.143
2.139
2.150
2.154
2.154
2.158
2.180
2.266
2.367
2.554
2.715
2.891
3.272
3.609
3.900
4.173
4.487
4.686
4.760
4.932
5.086
5.119
5.131
5.205
5.254
5.400
5.404
5.396
5.348
5.224
4.992
4.828
4.764
4.753
4.970
5.213
5.695
5.965
6.163
6.305
6.282
6.372
6.335
6.238
6.107
6.021
5.991
5.789
5.789
5.471
5.153
4.746
4.428
4.087
3.885
3.799
3.826
3.713
3.672
3.646
3.616
3.515
3.493
3.418
3.403
3.332
3.261
3.190
3.209
3.130
2.973
2.850
2.752
2.584
2.554
2.573
2.633
2.524
2.483
2.464
2.464
2.397
2.371
2.371
2.356
2.375
2.356
2.289
2.296
2.311
2.304
2.315
2.259
2.255
2.255
2.251
2.240
2.247
2.285
2.251
2.247
2.266
2.319
2.382
2.592
2.775
3.186
3.560
3.829
4.151
4.641
5.168
5.736
6.103
6.458
6.660
6.683
6.806
7.120
7.300
7.610
7.539
7.539
7.595
7.520
7.337
7.131
7.027
7.086
7.165
7.434
7.816
8.261
8.552
8.672
8.799
8.766
8.739
8.567
8.463
8.354
8.235
7.928
7.599
7.221
6.668
5.991
5.288
4.846
4.607
4.327
4.383
4.297
4.252
4.278
4.170
4.061
3.998
3.949
3.855
3.773
3.717
3.556
3.433
3.343
3.283
3.115
3.010
2.909
2.812
2.752
2.719
2.681
2.651
2.692
2.704
2.704
2.655
2.659
2.666
2.681
2.644
2.629
2.614
2.606
2.614
2.618
2.580
2.580
2.606
2.599
2.569
2.606
2.562
2.550
2.524
2.558
2.554
2.569
2.640
2.592
2.468
2.375
2.479
2.506
2.517
2.588
2.678
2.801
2.883
2.902
2.947
3.029
3.081
3.055
3.037
3.044
3.048
3.085
3.040
2.969
2.954
2.902
2.879
2.861
2.924
2.936
2.962
2.977
3.081
3.108
3.130
3.078
3.059
3.048
3.096
3.025
2.977
2.969
2.962
2.913
2.939
2.876
2.857
2.778
2.752
2.722
2.876
2.988
3.074
2.988
2.977
2.999
2.977
2.887
2.876
2.906
2.827
2.786
2.767
2.749
2.707
2.711
2.681
2.685
2.648
2.625
2.606
2.595
2.603
2.621
2.633
2.584
2.592
2.577
2.588
2.558
2.588
2.603
2.554
2.539
2.550
2.562
2.558
2.558
2.520
2.513
2.513
2.517
2.491
2.506
2.476
2.487
2.464
2.442
2.446
2.502
2.401
2.173
2.150
2.165
2.173
2.191
2.191
2.236
2.270
2.341
2.386
2.348
2.360
2.382
2.401
2.419
2.438
2.457
2.434
2.438
2.457
2.453
2.449
2.446
2.461
2.461
2.453
2.479
2.539
2.550
2.606
2.592
2.621
2.651
2.655
2.659
2.640
2.670
2.640
2.678
2.651
2.625
2.592
2.547
2.539
2.554
2.760
2.838
2.838
2.823
2.909
2.921
2.876
2.909
2.883
2.879
2.857
2.898
2.857
2.898
2.853
2.850
2.827
2.771
2.778
2.767
2.808
2.808
2.760
2.760
2.771
2.719
2.674
2.655
2.584
2.595
2.528
2.498
2.513
2.509
2.487
2.479
2.453
2.476
2.476
2.509
2.494
2.494
2.535
2.539
2.565
2.580
2.554
2.577
2.644
2.782
3.029
3.769
4.435
5.149
5.759
6.507
7.307
7.905
8.246
8.586
8.859
9.083
9.158
8.975
8.915
8.949
8.971
8.923
8.773
8.422
8.216
7.692
7.472
7.431
7.588
7.745
7.988
8.665
9.110
9.263
9.263
9.095
9.035
8.896
8.676
8.792
8.680
8.414
8.014
7.674
7.210
6.634
6.140
5.650
5.355
5.205
5.119
4.944
4.813
4.697
4.656
4.491
4.263
4.226
4.185
4.046
3.915
3.706
3.807
3.695
3.515
3.410
3.287
3.149
2.980
3.003
2.943
2.868
2.861
2.865
2.764
2.737
2.711
2.704
2.700
2.678
2.700
2.689
2.640
2.614
2.606
2.573
2.592
2.592
2.595
2.554
2.547
2.554
2.562
2.562
2.535
2.573
2.606
2.681
2.689
2.909
3.119
3.747
4.353
5.090
5.695
6.428
7.120
7.711
8.051
8.306
8.676
8.930
9.106
9.233
9.308
9.360
9.068
8.975
8.908
8.687
8.623
8.395
8.309
8.508
8.478
8.582
8.792
9.596
9.951
10.183
10.209
10.175
9.562
8.915
8.721
8.601
8.530
8.511
8.242
7.864
7.543
6.959
6.956
6.492
6.137
5.781
5.594
5.426
5.172
5.015
4.839
4.760
4.663
4.469
4.390
4.274
4.158
4.020
3.900
3.755
3.646
3.515
3.347
3.231
3.152
3.044
3.029
3.070
3.048
2.965
2.958
2.932
2.879
2.842
2.816
2.816
2.793
2.775
2.760
2.726
2.730
2.715
2.685
2.663
2.651
2.603
2.614
2.606
2.621
2.621
2.621
2.674
2.719
2.734
2.737
2.921
3.111
3.590
4.084
4.536
5.033
5.456
5.968
6.395
6.608
6.795
7.008
7.060
7.150
7.217
7.318
7.457
7.487
7.251
7.176
7.030
6.698
6.312
6.238
6.099
6.208
6.312
6.488
6.982
7.288
7.419
7.397
7.382
7.307
7.109
6.866
6.922
6.765
6.608
6.421
6.122
5.740
5.284
4.925
4.499
4.323
4.170
4.140
4.084
3.859
3.766
3.740
3.680
3.571
3.485
3.504
3.392
3.287
3.156
3.137
3.037
2.902
2.790
2.692
2.599
2.532
2.416
2.408
2.408
2.434
2.386
2.378
2.367
2.315
2.315
2.322
2.315
2.315
2.311
2.311
2.311
2.307
2.285
2.274
2.266
2.251
2.281
2.281
2.300
2.311
2.330
2.330
2.319
2.315
2.292
2.281
2.251
2.042
1.945
1.967
2.001
2.034
2.034
2.049
2.075
2.113
2.139
2.031
1.993
2.031
2.019
2.038
2.105
2.098
2.087
2.075
2.083
2.090
2.042
2.042
2.057
2.057
2.057
2.031
2.053
2.105
2.105
2.143
2.188
2.161
2.143
2.135
2.154
2.109
2.161
2.120
2.090
2.075
2.072
2.053
2.012
2.042
2.221
2.277
2.307
2.289
2.300
2.266
2.262
2.262
2.270
2.229
2.188
2.195
2.195
2.176
2.158
2.161
2.165
2.135
2.128
2.105
2.098
2.079
2.072
2.049
2.079
2.061
1.986
1.993
1.993
1.956
1.978
1.926
1.941
1.930
1.926
1.888
1.859
1.870
1.859
1.840
1.836
1.847
1.829
1.859
1.829
1.832
1.829
1.829
1.829
1.847
1.896
1.930
1.974
1.956
1.888
1.993
2.128
2.218
2.236
2.266
2.307
2.326
2.360
2.382
2.487
2.491
2.446
2.416
2.378
2.345
2.304
2.244
2.139
2.180
2.098
2.042
2.135
2.206
2.191
2.266
2.281
2.341
2.307
2.262
2.292
2.326
2.281
2.281
2.214
2.184
2.173
2.083
2.016
1.963
1.956
2.079
2.225
2.277
2.247
2.188
2.195
2.147
2.158
2.165
2.120
2.191
2.147
2.113
2.090
2.061
2.094
2.064
2.042
2.046
2.019
2.004
1.971
1.930
1.956
1.930
1.937
1.918
1.881
1.903
1.892
1.903
1.885
1.903
1.885
1.859
1.881
1.874
1.870
1.866
1.851
1.836
1.832
1.832
1.836
1.825
1.844
1.829
1.810
1.836
1.814
1.788
1.806
1.739
1.690
1.694
1.552
1.522
1.552
1.574
1.567
1.582
1.597
1.608
1.664
1.731
1.810
1.832
1.900
1.903
1.903
1.881
1.915
1.915
1.888
1.874
1.885
1.866
1.911
1.915
1.963
1.971
2.012
2.034
1.982
2.053
2.049
2.038
2.012
2.090
2.061
2.075
2.027
2.016
2.042
2.031
2.016
1.967
2.135
2.281
2.266
2.255
2.255
2.266
2.218
2.180
2.176
2.180
2.165
2.150
2.143
2.150
2.161
2.094
2.094
2.087
2.087
2.098
2.068
2.042
2.072
2.075
2.064
2.034
2.034
2.031
2.031
2.019
2.027
2.046
2.042
2.034
2.023
2.012
2.019
2.042
2.038
2.008
1.997
1.963
1.971
1.982
1.989
2.012
2.012
2.023
2.001
2.012
2.008
1.862
1.791
1.702
1.679
1.687
1.687
1.690
1.735
1.776
1.761
1.795
1.773
1.795
1.814
1.821
1.799
1.825
1.832
1.806
1.746
1.769
1.735
1.728
1.728
1.713
1.698
1.694
1.683
1.638
1.683
1.664
1.705
1.743
1.713
1.716
1.724
1.694
1.731
1.716
1.698
1.698
1.720
1.750
1.896
2.061
2.124
2.132
2.158
2.214
2.266
2.229
2.199
2.061
2.113
2.083
2.120
2.147
2.094
2.120
2.090
2.102
2.087
2.117
2.135
2.113
2.102
2.102
2.068
2.038
2.031
2.019
1.960
1.963
1.941
1.952
1.915
1.900
1.892
1.859
1.918
1.911
1.922
1.888
1.900
1.877
1.881
1.866
1.866
1.851
1.874
1.888
1.874
1.896
1.956
2.031
2.352
2.547
3.018
3.433
3.627
3.942
4.229
4.514
4.779
4.959
5.030
5.172
5.243
5.482
5.493
5.527
5.594
5.550
5.505
5.531
5.441
5.310
5.075
5.041
4.906
4.947
5.078
5.258
5.478
5.707
5.744
5.740
5.740
5.703
5.598
5.538
5.415
5.351
5.306
5.265
5.067
4.738
4.469
4.301
4.128
4.057
3.994
3.829
3.736
3.530
3.500
3.508
3.336
3.227
3.104
3.096
3.014
3.010
2.932
2.999
2.988
2.835
2.764
2.707
2.573
2.479
2.419
2.390
2.341
2.247
2.240
2.218
2.169
2.158
2.150
2.087
2.120
2.064
2.034
2.057
2.019
2.031
2.027
2.031
2.038
2.004
2.008
1.993
1.997
2.001
2.023
2.031
2.008
2.038
2.087
2.150
2.341
2.543
3.070
3.317
3.541
3.777
3.942
4.136
4.394
4.502
4.525
4.663
4.798
4.824
4.899
4.977
4.970
4.906
4.947
4.891
4.693
4.641
4.585
4.480
4.424
4.420
4.544
4.656
4.850
4.839
4.701
4.768
4.783
4.832
4.798
4.772
4.839
4.731
4.551
4.484
4.405
4.289
4.136
3.915
3.728
3.758
3.870
3.822
3.553
3.553
3.433
3.414
3.351
3.261
3.343
3.235
3.190
3.182
3.093
3.059
2.969
2.909
2.865
2.760
2.633
2.573
2.498
2.476
2.476
2.423
2.442
2.371
2.315
2.225
2.180
2.180
2.128
2.124
2.098
2.075
2.049
2.049
2.038
2.023
2.031
2.012
2.004
2.034
2.012
2.023
2.027
2.023
2.016
2.109
2.180
2.233
2.352
2.558
2.958
3.216
3.583
3.814
4.020
4.229
4.495
4.551
4.637
4.648
4.757
4.914
5.018
5.142
5.112
5.161
5.101
4.992
4.891
4.753
4.678
4.701
4.615
4.529
4.521
4.704
4.914
4.955
4.932
5.000
5.022
5.086
5.041
5.086
5.007
4.951
4.828
4.839
4.641
4.409
4.237
4.057
3.953
3.855
3.698
3.781
3.740
3.650
3.631
3.661
3.526
3.463
3.500
3.482
3.396
3.407
3.388
3.291
3.265
3.171
3.074
2.924
2.838
2.737
2.636
2.666
2.629
2.606
2.509
2.419
2.405
2.341
2.296
2.277
2.203
2.199
2.180
2.180
2.176
2.165
2.154
2.154
2.135
2.128
2.124
2.117
2.124
2.139
2.132
2.128
2.139
2.124
2.218
2.285
2.464
2.663
3.022
3.250
3.717
3.964
4.147
4.342
4.603
4.772
4.865
4.989
4.981
5.015
5.191
5.127
5.078
5.041
5.097
5.149
4.974
4.944
4.843
4.779
4.686
4.701
4.656
4.704
4.854
4.966
5.011
4.951
4.914
4.854
4.854
4.783
4.749
4.768
4.693
4.805
4.514
4.398
4.342
4.177
4.050
3.889
3.882
4.057
3.889
3.799
3.788
3.814
3.788
3.672
3.549
3.429
3.444
3.407
3.369
3.268
3.268
3.265
3.100
3.025
2.909
2.816
2.797
2.707
2.666
2.629
2.562
2.520
2.457
2.427
2.397
2.405
2.345
2.352
2.300
2.270
2.262
2.251
2.236
2.210
2.210
2.225
2.214
2.203
2.210
2.221
2.233
2.233
2.225
2.247
2.322
2.326
2.506
2.640
2.965
3.231
3.609
3.919
4.203
4.514
4.746
4.962
5.097
5.247
5.258
5.482
5.718
5.755
5.748
5.699
5.710
5.707
5.564
5.355
5.063
4.936
4.820
4.794
4.828
4.906
5.056
5.157
5.112
5.037
4.929
4.936
4.906
4.873
4.775
4.723
4.689
4.611
4.431
4.349
4.192
3.942
3.900
3.747
3.781
3.762
3.560
3.541
3.568
3.553
3.396
3.369
3.216
3.209
3.224
3.152
3.051
2.977
2.932
2.850
2.767
2.625
2.580
2.472
2.442
2.483
2.461
2.431
2.382
2.341
2.311
2.240
2.247
2.191
2.199
2.150
2.165
2.120
2.105
2.068
2.105
2.079
2.075
2.049
2.064
2.042
2.038
2.023
2.049
2.008
2.038
2.016
2.090
2.102
2.161
2.117
2.046
1.971
1.982
1.978
2.001
2.098
2.117
2.158
2.176
2.292
2.296
2.285
2.300
2.296
2.292
2.289
2.221
2.285
2.307
2.251
2.083
2.027
2.012
2.132
2.158
2.094
2.117
2.229
2.195
2.176
2.143
2.113
2.117
2.143
2.203
2.184
2.109
2.135
2.068
2.057
2.053
2.034
2.147
2.169
2.397
2.558
2.595
2.565
2.558
2.535
2.547
2.476
2.506
2.539
2.468
2.517
2.502
2.491
2.419
2.423
2.453
2.393
2.322
2.319
2.311
2.277
2.289