6.217
6.105
5.834
5.750
5.750
5.703
5.600
5.581
5.469
5.413
5.385
5.357
5.394
5.413
5.394
5.329
5.329
5.273
5.235
5.263
5.320
5.376
5.291
5.320
5.291
5.338
5.488
5.824
6.067
6.441
7.302
7.965
8.797
9.498
10.368
10.835
11.387
11.873
11.920
12.275
12.499
13.060
13.275
13.369
13.949
14.257
14.070
14.453
14.313
14.098
13.696
13.210
13.322
13.388
13.864
14.379
15.613
16.454
16.968
17.137
17.361
17.352
17.492
17.099
16.716
16.538
15.155
14.416
14.584
13.911
12.995
11.967
11.144
10.377
9.835
9.470
9.068
9.312
9.237
9.003
8.863
8.807
8.676
8.461
8.199
8.096
7.778
7.657
7.647
7.367
7.021
6.544
6.226
6.039
5.787
5.824
5.796
5.787
5.750
5.722
5.600
5.572
5.563
5.507
5.450
5.450
5.385
5.394
5.441
5.432
5.348
5.394
5.450
5.450
5.441
5.488
5.460
5.535
5.422
5.516
5.432
5.357
5.273
5.469
5.338
5.161
5.105
4.983
5.170
5.179
5.151
5.394
5.572
5.693
5.647
5.665
5.703
5.600
5.703
5.759
5.712
5.722
5.871
5.796
5.909
5.722
5.600
5.553
5.712
5.899
5.918
5.993
6.067
6.217
6.217
6.264
6.226
6.189
6.226
6.273
6.217
6.226
6.226
6.011
5.993
6.170
6.077
6.329
5.965
5.843
5.824
5.871
5.993
5.768
5.581
5.591
5.525
5.460
5.432
5.357
5.394
5.460
5.422
5.609
5.478
5.469
5.478
5.478
5.320
5.320
5.151
5.105
5.142
5.263
5.133
5.123
5.086
5.002
4.927
4.992
4.927
4.927
4.880
4.740
4.833
4.703
4.693
4.665
4.777
4.759
4.674
4.703
4.628
4.646
4.600
4.665
4.637
4.665
4.637
4.637
4.422
3.945
4.001
3.973
4.011
3.945
3.983
4.011
4.132
4.142
4.226
4.198
4.151
4.244
4.375
4.525
4.553
4.590
4.487
4.497
4.637
4.581
4.637
4.703
4.703
4.637
4.740
4.740
4.759
4.721
4.880
4.796
4.646
4.646
4.684
4.833
4.833
4.918
4.964
4.899
4.899
4.918
5.020
4.899
4.908
4.889
4.964
5.460
5.890
5.899
5.909
5.862
5.974
5.927
5.918
5.899
5.890
5.787
5.871
5.946
5.862
5.843
5.731
5.712
5.722
5.665
5.553
5.478
5.497
5.376
5.366
5.366
5.320
5.291
5.254
5.198
5.133
5.151
5.151
5.058
4.983
5.030
4.927
4.899
4.918
4.936
4.964
4.871
4.871
4.852
4.899
4.861
4.871
5.030
5.179
5.394
5.693
5.965
7.348
7.993
8.713
9.498
10.452
11.135
11.873
12.266
12.640
12.724
12.939
13.294
13.388
13.631
14.154
14.154
14.098
14.192
14.154
14.033
13.519
13.481
13.621
13.687
14.098
14.940
16.417
17.137
17.529
17.389
17.576
17.295
17.024
16.875
16.987
16.744
16.258
15.856
15.248
14.294
12.958
12.060
11.237
10.863
10.303
10.265
10.078
9.629
9.826
9.555
9.162
8.975
8.891
8.825
8.592
8.442
8.190
8.012
7.844
7.685
7.404
7.152
6.843
6.694
6.554
6.208
6.208
5.993
6.049
5.974
5.871
5.880
5.722
5.750
5.703
5.675
5.647
5.665
5.544
5.488
5.497
5.413
5.460
5.441
5.469
5.432
5.432
5.376
5.450
5.450
5.469
5.478
5.675
5.722
6.292
6.656
7.591
8.423
9.096
10.022
10.817
11.752
12.883
13.341
13.472
13.958
14.089
14.304
14.594
15.229
15.641
15.949
15.949
16.146
15.940
15.622
15.407
15.482
15.725
15.903
16.445
17.052
18.380
19.502
20.203
20.717
20.755
20.914
20.605
20.315
19.904
19.446
18.819
18.062
17.595
16.248
15.155
13.930
12.948
12.013
11.462
11.322
11.107
10.920
10.705
10.433
10.031
9.826
9.629
9.358
9.246
9.153
8.825
8.713
8.564
8.190
7.760
7.451
7.171
7.105
6.984
6.703
6.675
6.647
6.497
6.441
6.404
6.451
6.320
6.311
6.114
6.086
6.095
6.077
6.021
5.946
5.890
5.909
5.909
5.918
5.871
5.834
5.824
5.843
5.787
5.843
5.918
5.993
6.067
6.226
6.395
6.526
8.152
9.583
10.658
12.144
13.145
14.837
16.856
18.212
18.894
20.194
20.764
21.213
21.428
21.605
22.493
22.409
22.204
21.858
21.521
20.932
20.362
20.212
20.427
20.764
21.521
22.484
24.214
25.214
25.438
25.326
25.410
25.074
24.251
23.326
21.643
21.082
19.857
18.679
17.716
16.632
15.145
13.930
13.210
12.799
12.238
11.518
11.004
10.396
10.200
10.181
9.844
9.910
9.527
9.414
9.255
9.096
8.853
8.704
8.526
8.386
8.134
7.834
7.545
7.302
7.068
7.030
7.021
6.890
6.853
6.750
6.741
6.544
6.339
6.264
6.311
6.292
6.170
6.152
6.161
6.086
6.124
6.058
6.030
5.974
5.955
5.993
6.002
6.011
5.993
5.993
5.993
6.077
6.226
6.488
6.722
6.787
7.890
9.096
10.284
11.695
13.247
14.500
15.557
16.286
16.828
17.398
17.716
18.165
17.978
18.343
18.660
19.034
19.109
18.726
18.492
18.296
17.436
17.258
17.342
17.548
17.941
18.417
20.072
21.428
21.755
21.989
22.204
22.316
22.120
21.587
20.960
20.876
19.960
19.334
18.558
17.632
16.342
14.837
13.836
12.873
12.284
12.200
11.845
11.434
11.237
11.004
10.312
10.209
9.957
9.826
9.629
9.386
9.087
8.947
8.966
8.620
8.367
8.077
7.722
7.395
7.208
7.330
7.330
7.115
6.928
6.853
6.853
6.787
6.759
6.628
6.628
6.572
6.432
6.367
6.357
6.282
6.254
6.264
6.198
6.142
6.152
6.124
6.124
6.161
6.170
6.114
6.124
6.142
6.413
6.572
6.899
7.096
8.152
9.031
10.078
11.378
12.630
13.696
14.659
15.098
15.136
15.716
15.921
16.164
16.192
15.949
15.996
16.080
15.659
15.547
15.435
14.921
14.042
13.406
13.210
13.060
13.126
13.537
13.902
14.248
14.584
14.622
14.771
14.584
14.416
13.995
13.621
13.154
12.976
12.481
11.901
11.237
10.574
9.854
9.517
9.003
8.601
8.713
8.760
8.620
8.489
8.255
7.975
7.853
7.909
7.769
7.769
7.488
7.283
7.143
6.965
6.862
6.610
6.423
6.189
5.768
5.656
5.740
5.712
5.647
5.507
5.338
5.310
5.320
5.320
5.273
5.329
5.291
5.217
5.207
5.133
5.151
5.151
5.151
5.095
5.067
5.076
5.030
5.030
5.076
5.048
4.974
4.955
4.805
4.852
5.048
5.217
4.964
4.787
4.703
4.703
4.815
4.927
4.787
5.161
5.553
5.413
5.207
5.198
5.245
5.320
5.385
5.301
5.207
5.217
5.348
5.413
5.133
5.076
5.105
4.936
4.880
4.936
5.161
5.123
5.133
5.142
5.114
5.189
5.198
5.198
5.263
5.198
5.254
5.161
5.198
5.198
5.226
5.432
5.235
5.291
5.348
5.684
6.086
6.114
6.133
6.161
5.974
6.030
6.002
5.899
5.778
5.787
5.787
5.740
5.806
5.824
5.712
5.628
5.572
5.544
5.404
5.376
5.450
5.413
5.450
5.488
5.488
5.394
5.301
5.282
5.217
5.179
5.048
5.030
4.992
4.964
5.011
4.946
4.908
4.908
4.908
4.880
4.871
4.899
4.880
4.899
4.843
4.796
4.805
4.843
4.908
4.871
4.749
4.618
4.385
4.291
4.198
4.207
4.226
4.179
4.179
4.310
4.385
4.347
4.403
4.506
4.534
4.525
4.534
4.646
4.581
4.581
4.665
4.740
4.777
4.833
4.936
4.740
4.852
4.759
4.740
4.861
4.805
4.768
4.852
4.861
4.815
4.974
4.908
4.964
4.871
4.852
4.852
4.889
4.992
4.908
5.151
5.665
5.899
5.843
5.983
6.086
5.965
5.871
5.834
5.815
5.787
5.806
5.834
5.703
5.693
5.637
5.693
5.637
5.637
5.553
5.572
5.619
5.572
5.310
5.320
5.366
5.291
5.282
5.291
5.263
5.198
5.123
5.067
5.076
5.067
5.002
5.030
4.936
4.964
4.964
4.983
4.889
4.889
4.871
4.936
4.927
4.899
4.992
5.076
5.254
5.432
5.712
6.124
7.414
7.975
8.648
9.218
10.069
10.751
11.555
12.032
12.172
12.434
12.780
13.023
13.051
13.238
13.631
13.734
13.519
13.593
13.388
13.266
12.873
12.649
12.621
12.743
13.070
13.406
14.538
15.229
15.678
15.884
16.052
16.501
16.398
16.146
16.174
16.118
15.790
15.379
14.734
13.892
12.967
11.948
10.985
10.349
9.723
10.050
9.947
9.536
9.274
9.199
9.125
8.807
8.526
8.283
8.124
8.190
7.975
7.872
7.750
7.657
7.302
7.049
6.806
6.600
6.469
6.367
6.049
6.067
5.824
5.824
5.740
5.871
5.787
5.693
5.507
5.441
5.432
5.450
5.441
5.404
5.394
5.357
5.329
5.310
5.301
5.329
5.320
5.366
5.338
5.329
5.329
5.338
5.497
5.656
6.124
6.554
7.778
8.470
9.340
9.957
10.667
11.125
11.742
12.313
12.640
12.911
13.378
13.706
13.930
13.780
13.958
13.921
13.631
13.631
13.537
13.481
13.154
12.864
12.602
12.705
12.733
13.229
14.033
14.491
15.229
14.921
15.211
15.398
15.360
14.818
14.696
14.481
14.388
14.033
13.360
12.780
11.845
11.125
10.807
10.349
10.359
10.200
9.798
9.461
9.517
9.181
9.012
8.704
8.461
8.311
8.124
8.049
7.601
7.517
7.386
7.264
6.946
6.843
6.497
6.357
6.039
5.880
6.002
5.834
5.815
5.750
5.628
5.544
5.619
5.450
5.478
5.478
5.394
5.348
5.291
5.301
5.254
5.254
5.273
5.273
5.189
5.161
5.189
5.254
5.235
5.254
5.291
5.254
5.450
5.927
6.273
6.591
7.666
8.264
9.340
10.293
11.153
12.210
13.070
13.444
13.958
14.164
14.556
15.042
15.314
15.659
15.809
16.108
15.931
15.837
15.697
15.631
15.024
14.659
14.678
15.089
15.388
15.753
16.716
17.333
17.492
17.342
17.342
17.183
16.819
16.697
16.520
16.295
15.865
15.351
14.790
13.743
12.799
12.238
11.602
10.985
10.377
10.116
9.891
9.601
9.527
9.433
9.283
9.134
8.853
8.685
8.526
8.405
8.264
8.302
8.087
7.750
7.601
7.189
6.862
6.610
6.339
6.320
6.273
6.077
6.095
5.946
5.946
5.824
5.637
5.600
5.609
5.516
5.516
5.535
5.460
5.497
5.478
5.394
5.348
5.441
5.394
5.338
5.357
5.348
5.376
5.385
5.385
5.394
5.450
5.665
5.918
6.385
6.787
7.227
8.180
9.022
9.751
10.433
11.219
11.714
11.901
12.331
12.715
12.799
12.827
13.014
13.135
13.500
13.509
13.490
13.369
13.060
12.481
12.069
11.911
11.882
12.425
13.032
14.238
14.912
15.407
15.762
15.706
15.931
15.837
15.594
15.267
15.052
14.977
14.472
14.472
13.677
12.883
11.864
11.069
10.218
9.714
9.498
9.564
9.283
9.181
9.115
9.040
8.788
8.732
8.545
8.508
8.330
8.152
7.975
8.021
7.825
7.432
7.124
6.881
6.460
6.385
6.432
6.582
6.311
6.208
6.161
6.161
5.993
5.927
5.927
5.890
5.937
5.890
5.722
5.740
5.778
5.759
5.787
5.647
5.637
5.637
5.628
5.600
5.619
5.712
5.628
5.619
5.665
5.796
5.955
6.479
6.937
7.965
8.900
9.573
10.377
11.602
12.920
14.341
15.257
16.146
16.650
16.707
17.015
17.800
18.249
19.025
18.847
18.847
18.988
18.801
18.343
17.828
17.567
17.716
17.913
18.586
19.539
20.652
21.381
21.680
21.998
21.914
21.848
21.418
21.157
20.885
20.586
19.820
18.997
18.053
16.669
14.977
13.219
12.116
11.518
10.817
10.957
10.742
10.630
10.695
10.424
10.153
9.994
9.872
9.639
9.433
9.293
8.891
8.582
8.358
8.208
7.788
7.526
7.273
7.030
6.881
6.797
6.703
6.628
6.731
6.759
6.759
6.638
6.647
6.666
6.703
6.610
6.572
6.535
6.516
6.535
6.544
6.451
6.451
6.516
6.497
6.423
6.516
6.404
6.376
6.311
6.395
6.385
6.423
6.600
6.479
6.170
5.937
6.198
6.264
6.292
6.469
6.694
7.002
7.208
7.255
7.367
7.573
7.704
7.638
7.591
7.610
7.619
7.713
7.601
7.423
7.386
7.255
7.199
7.152
7.311
7.339
7.404
7.442
7.704
7.769
7.825
7.694
7.647
7.619
7.741
7.563
7.442
7.423
7.404
7.283
7.348
7.189
7.143
6.946
6.881
6.806
7.189
7.470
7.685
7.470
7.442
7.498
7.442
7.217
7.189
7.264
7.068
6.965
6.918
6.871
6.769
6.778
6.703
6.713
6.619
6.563
6.516
6.488
6.507
6.554
6.582
6.460
6.479
6.441
6.469
6.395
6.469
6.507
6.385
6.348
6.376
6.404
6.395
6.395
6.301
6.282
6.282
6.292
6.226
6.264
6.189
6.217
6.161
6.105
6.114
6.254
6.002
5.432
5.376
5.413
5.432
5.478
5.478
5.591
5.675
5.852
5.965
5.871
5.899
5.955
6.002
6.049
6.095
6.142
6.086
6.095
6.142
6.133
6.124
6.114
6.152
6.152
6.133
6.198
6.348
6.376
6.516
6.479
6.554
6.628
6.638
6.647
6.600
6.675
6.600
6.694
6.628
6.563
6.479
6.367
6.348
6.385
6.899
7.096
7.096
7.058
7.273
7.302
7.189
7.273
7.208
7.199
7.143
7.245
7.143
7.245
7.133
7.124
7.068
6.928
6.946
6.918
7.021
7.021
6.899
6.899
6.928
6.797
6.684
6.638
6.460
6.488
6.320
6.245
6.282
6.273
6.217
6.198
6.133
6.189
6.189
6.273
6.236
6.236
6.339
6.348
6.413
6.451
6.385
6.441
6.610
6.956
7.573
9.424
11.088
12.873
14.397
16.267
18.268
19.764
20.614
21.465
22.148
22.709
22.895
22.437
22.288
22.372
22.428
22.307
21.933
21.054
20.540
19.231
18.679
18.576
18.969
19.362
19.969
21.661
22.774
23.157
23.157
22.737
22.587
22.241
21.689
21.979
21.699
21.035
20.035
19.184
18.025
16.585
15.351
14.126
13.388
13.014
12.799
12.359
12.032
11.742
11.639
11.228
10.658
10.564
10.461
10.116
9.788
9.265
9.517
9.237
8.788
8.526
8.218
7.872
7.451
7.507
7.358
7.171
7.152
7.161
6.909
6.843
6.778
6.759
6.750
6.694
6.750
6.722
6.600
6.535
6.516
6.432
6.479
6.479
6.488
6.385
6.367
6.385
6.404
6.404
6.339
6.432
6.516
6.703
6.722
7.273
7.797
9.368
10.882
12.724
14.238
16.071
17.800
19.277
20.128
20.764
21.689
22.325
22.765
23.082
23.269
23.400
22.671
22.437
22.269
21.718
21.559
20.988
20.773
21.269
21.194
21.456
21.979
23.989
24.877
25.457
25.523
25.438
23.905
22.288
21.802
21.503
21.325
21.278
20.605
19.661
18.857
17.398
17.389
16.230
15.342
14.453
13.986
13.565
12.930
12.537
12.097
11.901
11.658
11.172
10.976
10.686
10.396
10.050
9.751
9.386
9.115
8.788
8.367
8.077
7.881
7.610
7.573
7.675
7.619
7.414
7.395
7.330
7.199
7.105
7.040
7.040
6.984
6.937
6.899
6.815
6.825
6.787
6.713
6.656
6.628
6.507
6.535
6.516
6.554
6.554
6.554
6.684
6.797
6.834
6.843
7.302
7.778
8.975
10.209
11.340
12.584
13.640
14.921
15.987
16.520
16.987
17.520
17.651
17.875
18.043
18.296
18.642
18.717
18.128
17.941
17.576
16.744
15.781
15.594
15.248
15.519
15.781
16.220
17.454
18.221
18.548
18.492
18.455
18.268
17.772
17.165
17.305
16.912
16.520
16.052
15.304
14.351
13.210
12.313
11.247
10.807
10.424
10.349
10.209
9.648
9.414
9.349
9.199
8.928
8.713
8.760
8.479
8.218
7.890
7.844
7.591
7.255
6.974
6.731
6.497
6.329
6.039
6.021
6.021
6.086
5.965
5.946
5.918
5.787
5.787
5.806
5.787
5.787
5.778
5.778
5.778
5.768
5.712
5.684
5.665
5.628
5.703
5.703
5.750
5.778
5.824
5.824
5.796
5.787
5.731
5.703
5.628
5.105
4.861
4.918
5.002
5.086
5.086
5.123
5.189
5.282
5.348
5.076
4.983
5.076
5.048
5.095
5.263
5.245
5.217
5.189
5.207
5.226
5.105
5.105
5.142
5.142
5.142
5.076
5.133
5.263
5.263
5.357
5.469
5.404
5.357
5.338
5.385
5.273
5.404
5.301
5.226
5.189
5.179
5.133
5.030
5.105
5.553
5.693
5.768
5.722
5.750
5.665
5.656
5.656
5.675
5.572
5.469
5.488
5.488
5.441
5.394
5.404
5.413
5.338
5.320
5.263
5.245
5.198
5.179
5.123
5.198
5.151
4.964
4.983
4.983
4.889
4.946
4.815
4.852
4.824
4.815
4.721
4.646
4.674
4.646
4.600
4.590
4.618
4.572
4.646
4.572
4.581
4.572
4.572
4.572
4.618
4.740
4.824
4.936
4.889
4.721
4.983
5.320
5.544
5.591
5.665
5.768
5.815
5.899
5.955
6.217
6.226
6.114
6.039
5.946
5.862
5.759
5.609
5.348
5.450
5.245
5.105
5.338
5.516
5.478
5.665
5.703
5.852
5.768
5.656
5.731
5.815
5.703
5.703
5.535
5.460
5.432
5.207
5.039
4.908
4.889
5.198
5.563
5.693
5.619
5.469
5.488
5.366
5.394
5.413
5.301
5.478
5.366
5.282
5.226
5.151
5.235
5.161
5.105
5.114
5.048
5.011
4.927
4.824
4.889
4.824
4.843
4.796
4.703
4.759
4.731
4.759
4.712
4.759
4.712
4.646
4.703
4.684
4.674
4.665
4.628
4.590
4.581
4.581
4.590
4.562
4.609
4.572
4.525
4.590
4.534
4.469
4.516
4.347
4.226
4.235
3.880
3.805
3.880
3.936
3.917
3.955
3.992
4.020
4.160
4.329
4.525
4.581
4.749
4.759
4.759
4.703
4.787
4.787
4.721
4.684
4.712
4.665
4.777
4.787
4.908
4.927
5.030
5.086
4.955
5.133
5.123
5.095
5.030
5.226
5.151
5.189
5.067
5.039
5.105
5.076
5.039
4.918
5.338
5.703
5.665
5.637
5.637
5.665
5.544
5.450
5.441
5.450
5.413
5.376
5.357
5.376
5.404
5.235
5.235
5.217
5.217
5.245
5.170
5.105
5.179
5.189
5.161
5.086
5.086
5.076
5.076
5.048
5.067
5.114
5.105
5.086
5.058
5.030
5.048
5.105
5.095
5.020
4.992
4.908
4.927
4.955
4.974
5.030
5.030
5.058
5.002
5.030
5.020
4.656
4.478
4.254
4.198
4.216
4.216
4.226
4.338
4.441
4.403
4.487
4.431
4.487
4.534
4.553
4.497
4.562
4.581
4.516
4.366
4.422
4.338
4.319
4.319
4.282
4.244
4.235
4.207
4.095
4.207
4.160
4.263
4.357
4.282
4.291
4.310
4.235
4.329
4.291
4.244
4.244
4.301
4.375
4.740
5.151
5.310
5.329
5.394
5.535
5.665
5.572
5.497
5.151
5.282
5.207
5.301
5.366
5.235
5.301
5.226
5.254
5.217
5.291
5.338
5.282
5.254
5.254
5.170
5.095
5.076
5.048
4.899
4.908
4.852
4.880
4.787
4.749
4.731
4.646
4.796
4.777
4.805
4.721
4.749
4.693
4.703
4.665
4.665
4.628
4.684
4.721
4.684
4.740
4.889
5.076
5.880
6.367
7.545
8.582
9.068
9.854
10.574
11.284
11.948
12.397
12.574
12.930
13.107
13.706
13.734
13.818
13.986
13.874
13.762
13.827
13.603
13.275
12.686
12.602
12.266
12.369
12.696
13.145
13.696
14.266
14.360
14.351
14.351
14.257
13.995
13.846
13.537
13.378
13.266
13.163
12.668
11.845
11.172
10.751
10.321
10.144
9.985
9.573
9.340
8.825
8.751
8.769
8.339
8.068
7.760
7.741
7.535
7.526
7.330
7.498
7.470
7.086
6.909
6.769
6.432
6.198
6.049
5.974
5.852
5.619
5.600
5.544
5.422
5.394
5.376
5.217
5.301
5.161
5.086
5.142
5.048
5.076
5.067
5.076
5.095
5.011
5.020
4.983
4.992
5.002
5.058
5.076
5.020
5.095
5.217
5.376
5.852
6.357
7.675
8.292
8.853
9.442
9.854
10.340
10.985
11.256
11.312
11.658
11.995
12.060
12.247
12.443
12.425
12.266
12.369
12.228
11.733
11.602
11.462
11.200
11.060
11.050
11.359
11.639
12.126
12.097
11.752
11.920
11.957
12.079
11.995
11.929
12.097
11.826
11.378
11.209
11.013
10.723
10.340
9.788
9.321
9.396
9.676
9.555
8.881
8.881
8.582
8.536
8.377
8.152
8.358
8.087
7.975
7.956
7.732
7.647
7.423
7.273
7.161
6.899
6.582
6.432
6.245
6.189
6.189
6.058
6.105
5.927
5.787
5.563
5.450
5.450
5.320
5.310
5.245
5.189
5.123
5.123
5.095
5.058
5.076
5.030
5.011
5.086
5.030
5.058
5.067
5.058
5.039
5.273
5.450
5.581
5.880
6.395
7.395
8.040
8.956
9.536
10.050
10.574
11.237
11.378
11.593
11.621
11.892
12.284
12.546
12.855
12.780
12.902
12.752
12.481
12.228
11.882
11.695
11.752
11.537
11.322
11.303
11.761
12.284
12.387
12.331
12.499
12.556
12.715
12.602
12.715
12.518
12.378
12.069
12.097
11.602
11.022
10.592
10.144
9.882
9.639
9.246
9.452
9.349
9.125
9.078
9.153
8.816
8.657
8.751
8.704
8.489
8.517
8.470
8.227
8.162
7.928
7.685
7.311
7.096
6.843
6.591
6.666
6.572
6.516
6.273
6.049
6.011
5.852
5.740
5.693
5.507
5.497
5.450
5.450
5.441
5.413
5.385
5.385
5.338
5.320
5.310
5.291
5.310
5.348
5.329
5.320
5.348
5.310
5.544
5.712
6.161
6.656
7.554
8.124
9.293
9.910
10.368
10.854
11.509
11.929
12.163
12.471
12.453
12.537
12.976
12.817
12.696
12.602
12.743
12.873
12.434
12.359
12.107
11.948
11.714
11.752
11.639
11.761
12.135
12.415
12.528
12.378
12.284
12.135
12.135
11.957
11.873
11.920
11.733
12.013
11.284
10.994
10.854
10.443
10.125
9.723
9.704
10.144
9.723
9.498
9.470
9.536
9.470
9.181
8.872
8.573
8.610
8.517
8.423
8.171
8.171
8.162
7.750
7.563
7.273
7.040
6.993
6.769
6.666
6.572
6.404
6.301
6.142
6.067
5.993
6.011
5.862
5.880
5.750
5.675
5.656
5.628
5.591
5.525
5.525
5.563
5.535
5.507
5.525
5.553
5.581
5.581
5.563
5.619
5.806
5.815
6.264
6.600
7.414
8.077
9.022
9.798
10.508
11.284
11.864
12.406
12.743
13.117
13.145
13.706
14.294
14.388
14.369
14.248
14.276
14.266
13.911
13.388
12.658
12.341
12.051
11.985
12.069
12.266
12.640
12.892
12.780
12.593
12.322
12.341
12.266
12.182
11.939
11.808
11.724
11.527
11.078
10.873
10.480
9.854
9.751
9.368
9.452
9.405
8.900
8.853
8.919
8.881
8.489
8.423
8.040
8.021
8.059
7.881
7.629
7.442
7.330
7.124
6.918
6.563
6.451
6.180
6.105
6.208
6.152
6.077
5.955
5.852
5.778
5.600
5.619
5.478
5.497
5.376
5.413
5.301
5.263
5.170
5.263
5.198
5.189
5.123
5.161
5.105
5.095
5.058
5.123
5.020
5.095
5.039
5.226
5.254
5.404
5.291
5.114
4.927
4.955
4.946
5.002
5.245
5.291
5.394
5.441
5.731
5.740
5.712
5.750
5.740
5.731
5.722
5.553
5.712
5.768
5.628
5.207
5.067
5.030
5.329
5.394
5.235
5.291
5.572
5.488
5.441
5.357
5.282
5.291
5.357
5.507
5.460
5.273
5.338
5.170
5.142
5.133
5.086
5.366
5.422
5.993
6.395
6.488
6.413
6.395
6.339
6.367
6.189
6.264
6.348
6.170
6.292
6.254
6.226
6.049
6.058
6.133
5.983
5.806
5.796
5.778
5.693
5.722