18.315
17.501
17.249
17.249
17.109
16.800
16.744
16.407
16.239
16.155
16.071
16.183
16.239
16.183
15.987
15.987
15.818
15.706
15.790
15.959
16.127
15.874
15.959
15.874
16.015
16.463
17.473
18.202
19.324
21.905
23.896
26.392
28.495
31.104
32.506
34.161
35.619
35.760
36.825
37.498
39.181
39.826
40.107
41.846
42.771
42.210
43.360
42.940
42.294
41.088
39.630
39.967
40.163
41.593
43.136
46.838
49.362
50.905
51.410
52.083
52.055
52.475
51.297
50.148
49.615
45.464
43.248
43.753
41.734
38.985
35.900
33.432
31.132
29.505
28.411
27.205
27.935
27.710
27.009
26.588
26.420
26.027
25.382
24.597
24.288
23.335
22.970
22.942
22.101
21.063
19.633
18.679
18.118
17.361
17.473
17.389
17.361
17.249
17.165
16.800
16.716
16.688
16.520
16.351
16.351
16.155
16.183
16.323
16.295
16.043
16.183
16.351
16.351
16.323
16.463
16.379
16.604
16.267
16.548
16.295
16.071
15.818
16.407
16.015
15.482
15.314
14.949
15.510
15.538
15.454
16.183
16.716
17.080
16.940
16.996
17.109
16.800
17.109
17.277
17.137
17.165
17.613
17.389
17.726
17.165
16.800
16.660
17.137
17.697
17.754
17.978
18.202
18.651
18.651
18.791
18.679
18.567
18.679
18.819
18.651
18.679
18.679
18.034
17.978
18.511
18.230
18.988
17.894
17.529
17.473
17.613
17.978
17.305
16.744
16.772
16.576
16.379
16.295
16.071
16.183
16.379
16.267
16.828
16.435
16.407
16.435
16.435
15.959
15.959
15.454
15.314
15.426
15.790
15.398
15.370
15.257
15.005
14.781
14.977
14.781
14.781
14.640
14.220
14.500
14.108
14.079
13.995
14.332
14.276
14.023
14.108
13.883
13.939
13.799
13.995
13.911
13.995
13.911
13.911
13.266
11.836
12.004
11.920
12.032
11.836
11.948
12.032
12.397
12.425
12.677
12.593
12.453
12.733
13.126
13.575
13.659
13.771
13.462
13.490
13.911
13.743
13.911
14.108
14.108
13.911
14.220
14.220
14.276
14.164
14.640
14.388
13.939
13.939
14.051
14.500
14.500
14.753
14.893
14.696
14.696
14.753
15.061
14.696
14.725
14.668
14.893
16.379
17.669
17.697
17.726
17.585
17.922
17.782
17.754
17.697
17.669
17.361
17.613
17.838
17.585
17.529
17.193
17.137
17.165
16.996
16.660
16.435
16.491
16.127
16.099
16.099
15.959
15.874
15.762
15.594
15.398
15.454
15.454
15.173
14.949
15.089
14.781
14.696
14.753
14.809
14.893
14.612
14.612
14.556
14.696
14.584
14.612
15.089
15.538
16.183
17.080
17.894
22.045
23.980
26.140
28.495
31.356
33.404
35.619
36.797
37.919
38.172
38.817
39.882
40.163
40.892
42.463
42.463
42.294
42.575
42.463
42.098
40.556
40.443
40.864
41.060
42.294
44.819
49.250
51.410
52.588
52.167
52.728
51.886
51.073
50.624
50.961
50.232
48.773
47.567
45.744
42.883
38.873
36.180
33.712
32.590
30.908
30.795
30.234
28.888
29.477
28.664
27.486
26.925
26.672
26.476
25.775
25.326
24.569
24.036
23.531
23.054
22.213
21.456
20.530
20.081
19.661
18.623
18.623
17.978
18.146
17.922
17.613
17.641
17.165
17.249
17.109
17.024
16.940
16.996
16.632
16.463
16.491
16.239
16.379
16.323
16.407
16.295
16.295
16.127
16.351
16.351
16.407
16.435
17.024
17.165
18.875
19.969
22.774
25.270
27.289
30.066
32.450
35.255
38.648
40.023
40.415
41.874
42.266
42.912
43.781
45.688
46.922
47.848
47.848
48.437
47.820
46.866
46.221
46.445
47.175
47.708
49.334
51.157
55.140
58.506
60.609
62.152
62.264
62.741
61.815
60.946
59.712
58.337
56.458
54.186
52.784
48.745
45.464
41.790
38.845
36.040
34.385
33.965
33.320
32.759
32.114
31.300
30.094
29.477
28.888
28.075
27.738
27.458
26.476
26.140
25.691
24.569
23.279
22.353
21.512
21.316
20.951
20.110
20.025
19.941
19.492
19.324
19.212
19.352
18.960
18.932
18.343
18.258
18.286
18.230
18.062
17.838
17.669
17.726
17.726
17.754
17.613
17.501
17.473
17.529
17.361
17.529
17.754
17.978
18.202
18.679
19.184
19.577
24.457
28.748
31.973
36.433
39.434
44.510
50.568
54.635
56.682
60.581
62.292
63.638
64.283
64.816
67.480
67.228
66.611
65.573
64.564
62.797
61.086
60.637
61.282
62.292
64.564
67.452
72.641
75.642
76.315
75.979
76.231
75.221
72.753
69.977
64.928
63.245
59.571
56.037
53.149
49.895
45.436
41.790
39.630
38.396
36.713
34.554
33.011
31.188
30.599
30.543
29.533
29.730
28.580
28.243
27.766
27.289
26.560
26.112
25.579
25.158
24.401
23.503
22.634
21.905
21.203
21.091
21.063
20.670
20.558
20.250
20.222
19.633
19.016
18.791
18.932
18.875
18.511
18.455
18.483
18.258
18.371
18.174
18.090
17.922
17.866
17.978
18.006
18.034
17.978
17.978
17.978
18.230
18.679
19.464
20.166
20.362
23.671
27.289
30.851
35.086
39.742
43.501
46.670
48.857
50.484
52.195
53.149
54.495
53.934
55.028
55.981
57.103
57.328
56.178
55.476
54.887
52.307
51.774
52.027
52.644
53.822
55.252
60.216
64.283
65.265
65.966
66.611
66.948
66.359
64.760
62.881
62.628
59.880
58.001
55.673
52.896
49.026
44.510
41.509
38.620
36.853
36.601
35.535
34.301
33.712
33.011
30.936
30.627
29.870
29.477
28.888
28.159
27.261
26.841
26.897
25.859
25.102
24.232
23.167
22.185
21.624
21.989
21.989
21.344
20.783
20.558
20.558
20.362
20.278
19.885
19.885
19.717
19.296
19.100
19.072
18.847
18.763
18.791
18.595
18.427
18.455
18.371
18.371
18.483
18.511
18.343
18.371
18.427
19.240
19.717
20.698
21.287
24.457
27.093
30.234
34.133
37.891
41.088
43.977
45.295
45.408
47.147
47.764
48.493
48.577
47.848
47.988
48.240
46.978
46.642
46.305
44.763
42.126
40.219
39.630
39.181
39.378
40.612
41.706
42.743
43.753
43.865
44.314
43.753
43.248
41.986
40.864
39.462
38.929
37.442
35.704
33.712
31.721
29.561
28.552
27.009
25.803
26.140
26.280
25.859
25.466
24.765
23.924
23.559
23.728
23.307
23.307
22.465
21.848
21.428
20.895
20.586
19.829
19.268
18.567
17.305
16.968
17.221
17.137
16.940
16.520
16.015
15.931
15.959
15.959
15.818
15.987
15.874
15.650
15.622
15.398
15.454
15.454
15.454
15.285
15.201
15.229
15.089
15.089
15.229
15.145
14.921
14.865
14.416
14.556
15.145
15.650
14.893
14.360
14.108
14.108
14.444
14.781
14.360
15.482
16.660
16.239
15.622
15.594
15.734
15.959
16.155
15.903
15.622
15.650
16.043
16.239
15.398
15.229
15.314
14.809
14.640
14.809
15.482
15.370
15.398
15.426
15.342
15.566
15.594
15.594
15.790
15.594
15.762
15.482
15.594
15.594
15.678
16.295
15.706
15.874
16.043
17.052
18.258
18.343
18.399
18.483
17.922
18.090
18.006
17.697
17.333
17.361
17.361
17.221
17.417
17.473
17.137
16.884
16.716
16.632
16.211
16.127
16.351
16.239
16.351
16.463
16.463
16.183
15.903
15.846
15.650
15.538
15.145
15.089
14.977
14.893
15.033
14.837
14.725
14.725
14.725
14.640
14.612
14.696
14.640
14.696
14.528
14.388
14.416
14.528
14.725
14.612
14.248
13.855
13.154
12.873
12.593
12.621
12.677
12.537
12.537
12.930
13.154
13.042
13.210
13.519
13.603
13.575
13.603
13.939
13.743
13.743
13.995
14.220
14.332
14.500
14.809
14.220
14.556
14.276
14.220
14.584
14.416
14.304
14.556
14.584
14.444
14.921
14.725
14.893
14.612
14.556
14.556
14.668
14.977
14.725
15.454
16.996
17.697
17.529
17.950
18.258
17.894
17.613
17.501
17.445
17.361
17.417
17.501
17.109
17.080
16.912
17.080
16.912
16.912
16.660
16.716
16.856
16.716
15.931
15.959
16.099
15.874
15.846
15.874
15.790
15.594
15.370
15.201
15.229
15.201
15.005
15.089
14.809
14.893
14.893
14.949
14.668
14.668
14.612
14.809
14.781
14.696
14.977
15.229
15.762
16.295
17.137
18.371
22.241
23.924
25.943
27.654
30.206
32.254
34.666
36.096
36.517
37.302
38.340
39.069
39.153
39.714
40.892
41.201
40.556
40.780
40.163
39.798
38.620
37.947
37.863
38.228
39.209
40.219
43.613
45.688
47.034
47.651
48.156
49.503
49.194
48.437
48.521
48.353
47.371
46.137
44.202
41.677
38.901
35.844
32.955
31.048
29.169
30.150
29.842
28.608
27.822
27.598
27.374
26.420
25.579
24.849
24.373
24.569
23.924
23.615
23.251
22.970
21.905
21.147
20.418
19.801
19.408
19.100
18.146
18.202
17.473
17.473
17.221
17.613
17.361
17.080
16.520
16.323
16.295
16.351
16.323
16.211
16.183
16.071
15.987
15.931
15.903
15.987
15.959
16.099
16.015
15.987
15.987
16.015
16.491
16.968
18.371
19.661
23.335
25.410
28.019
29.870
32.001
33.376
35.227
36.938
37.919
38.733
40.135
41.117
41.790
41.341
41.874
41.762
40.892
40.892
40.612
40.443
39.462
38.592
37.807
38.116
38.200
39.686
42.098
43.472
45.688
44.763
45.632
46.193
46.081
44.454
44.089
43.444
43.164
42.098
40.079
38.340
35.535
33.376
32.422
31.048
31.076
30.599
29.393
28.383
28.552
27.542
27.037
26.112
25.382
24.934
24.373
24.148
22.802
22.550
22.157
21.792
20.839
20.530
19.492
19.072
18.118
17.641
18.006
17.501
17.445
17.249
16.884
16.632
16.856
16.351
16.435
16.435
16.183
16.043
15.874
15.903
15.762
15.762
15.818
15.818
15.566
15.482
15.566
15.762
15.706
15.762
15.874
15.762
16.351
17.782
18.819
19.773
22.998
24.793
28.019
30.879
33.460
36.629
39.209
40.331
41.874
42.491
43.669
45.127
45.941
46.978
47.427
48.325
47.792
47.511
47.090
46.894
45.071
43.977
44.033
45.267
46.165
47.259
50.148
51.999
52.475
52.027
52.027
51.550
50.456
50.091
49.559
48.885
47.595
46.053
44.370
41.229
38.396
36.713
34.806
32.955
31.132
30.347
29.673
28.804
28.580
28.299
27.850
27.402
26.560
26.055
25.579
25.214
24.793
24.906
24.260
23.251
22.802
21.568
20.586
19.829
19.016
18.960
18.819
18.230
18.286
17.838
17.838
17.473
16.912
16.800
16.828
16.548
16.548
16.604
16.379
16.491
16.435
16.183
16.043
16.323
16.183
16.015
16.071
16.043
16.127
16.155
16.155
16.183
16.351
16.996
17.754
19.156
20.362
21.680
24.541
27.065
29.253
31.300
33.656
35.143
35.704
36.994
38.144
38.396
38.480
39.041
39.406
40.499
40.528
40.471
40.107
39.181
37.442
36.208
35.732
35.647
37.274
39.097
42.715
44.735
46.221
47.287
47.119
47.792
47.511
46.782
45.800
45.155
44.931
43.416
43.416
41.032
38.648
35.591
33.207
30.655
29.141
28.495
28.692
27.850
27.542
27.346
27.121
26.364
26.196
25.635
25.523
24.990
24.457
23.924
24.064
23.475
22.297
21.372
20.642
19.380
19.156
19.296
19.745
18.932
18.623
18.483
18.483
17.978
17.782
17.782
17.669
17.810
17.669
17.165
17.221
17.333
17.277
17.361
16.940
16.912
16.912
16.884
16.800
16.856
17.137
16.884
16.856
16.996
17.389
17.866
19.436
20.811
23.896
26.701
28.720
31.132
34.806
38.761
43.024
45.772
48.437
49.951
50.120
51.045
53.401
54.747
57.075
56.542
56.542
56.963
56.402
55.028
53.485
52.700
53.149
53.738
55.757
58.618
61.955
64.143
65.040
65.994
65.742
65.545
64.255
63.470
62.656
61.759
59.459
56.991
54.158
50.007
44.931
39.658
36.349
34.554
32.450
32.871
32.226
31.889
32.085
31.272
30.459
29.982
29.617
28.916
28.299
27.878
26.672
25.747
25.074
24.625
23.363
22.578
21.820
21.091
20.642
20.390
20.110
19.885
20.194
20.278
20.278
19.913
19.941
19.997
20.110
19.829
19.717
19.605
19.549
19.605
19.633
19.352
19.352
19.549
19.492
19.268
19.549
19.212
19.128
18.932
19.184
19.156
19.268
19.801
19.436
18.511
17.810
18.595
18.791
18.875
19.408
20.081
21.007
21.624
21.764
22.101
22.718
23.111
22.914
22.774
22.830
22.858
23.139
22.802
22.269
22.157
21.764
21.596
21.456
21.933
22.017
22.213
22.325
23.111
23.307
23.475
23.082
22.942
22.858
23.223
22.690
22.325
22.269
22.213
21.848
22.045
21.568
21.428
20.839
20.642
20.418
21.568
22.409
23.054
22.409
22.325
22.493
22.325
21.652
21.568
21.792
21.203
20.895
20.755
20.614
20.306
20.334
20.110
20.138
19.857
19.689
19.549
19.464
19.521
19.661
19.745
19.380
19.436
19.324
19.408
19.184
19.408
19.521
19.156
19.044
19.128
19.212
19.184
19.184
18.904
18.847
18.847
18.875
18.679
18.791
18.567
18.651
18.483
18.315
18.343
18.763
18.006
16.295
16.127
16.239
16.295
16.435
16.435
16.772
17.024
17.557
17.894
17.613
17.697
17.866
18.006
18.146
18.286
18.427
18.258
18.286
18.427
18.399
18.371
18.343
18.455
18.455
18.399
18.595
19.044
19.128
19.549
19.436
19.661
19.885
19.913
19.941
19.801
20.025
19.801
20.081
19.885
19.689
19.436
19.100
19.044
19.156
20.698
21.287
21.287
21.175
21.820
21.905
21.568
21.820
21.624
21.596
21.428
21.736
21.428
21.736
21.400
21.372
21.203
20.783
20.839
20.755
21.063
21.063
20.698
20.698
20.783
20.390
20.053
19.913
19.380
19.464
18.960
18.735
18.847
18.819
18.651
18.595
18.399
18.567
18.567
18.819
18.707
18.707
19.016
19.044
19.240
19.352
19.156
19.324
19.829
20.867
22.718
28.271
33.263
38.620
43.192
48.801
54.803
59.291
61.843
64.395
66.443
68.126
68.686
67.312
66.863
67.116
67.284
66.920
65.798
63.161
61.619
57.692
56.037
55.729
56.907
58.085
59.908
64.984
68.322
69.472
69.472
68.210
67.761
66.723
65.068
65.938
65.096
63.105
60.104
57.552
54.074
49.755
46.053
42.379
40.163
39.041
38.396
37.078
36.096
35.227
34.918
33.684
31.973
31.693
31.384
30.347
29.365
27.794
28.552
27.710
26.364
25.579
24.653
23.615
22.353
22.522
22.073
21.512
21.456
21.484
20.727
20.530
20.334
20.278
20.250
20.081
20.250
20.166
19.801
19.605
19.549
19.296
19.436
19.436
19.464
19.156
19.100
19.156
19.212
19.212
19.016
19.296
19.549
20.110
20.166
21.820
23.391
28.103
32.646
38.172
42.715
48.212
53.401
57.832
60.385
62.292
65.068
66.976
68.294
69.247
69.808
70.201
68.013
67.312
66.807
65.153
64.676
62.965
62.320
63.806
63.582
64.367
65.938
71.968
74.632
76.371
76.568
76.315
71.716
66.863
65.405
64.508
63.975
63.834
61.815
58.982
56.570
52.195
52.167
48.689
46.025
43.360
41.958
40.696
38.789
37.611
36.292
35.704
34.974
33.516
32.927
32.057
31.188
30.150
29.253
28.159
27.346
26.364
25.102
24.232
23.643
22.830
22.718
23.026
22.858
22.241
22.185
21.989
21.596
21.316
21.119
21.119
20.951
20.811
20.698
20.446
20.474
20.362
20.138
19.969
19.885
19.521
19.605
19.549
19.661
19.661
19.661
20.053
20.390
20.502
20.530
21.905
23.335
26.925
30.627
34.021
37.751
40.920
44.763
47.960
49.559
50.961
52.560
52.952
53.625
54.130
54.887
55.925
56.150
54.383
53.822
52.728
50.232
47.343
46.782
45.744
46.558
47.343
48.661
52.363
54.663
55.645
55.476
55.364
54.803
53.317
51.494
51.915
50.737
49.559
48.156
45.913
43.052
39.630
36.938
33.740
32.422
31.272
31.048
30.627
28.944
28.243
28.047
27.598
26.785
26.140
26.280
25.438
24.653
23.671
23.531
22.774
21.764
20.923
20.194
19.492
18.988
18.118
18.062
18.062
18.258
17.894
17.838
17.754
17.361
17.361
17.417
17.361
17.361
17.333
17.333
17.333
17.305
17.137
17.052
16.996
16.884
17.109
17.109
17.249
17.333
17.473
17.473
17.389
17.361
17.193
17.109
16.884
15.314
14.584
14.753
15.005
15.257
15.257
15.370
15.566
15.846
16.043
15.229
14.949
15.229
15.145
15.285
15.790
15.734
15.650
15.566
15.622
15.678
15.314
15.314
15.426
15.426
15.426
15.229
15.398
15.790
15.790
16.071
16.407
16.211
16.071
16.015
16.155
15.818
16.211
15.903
15.678
15.566
15.538
15.398
15.089
15.314
16.660
17.080
17.305
17.165
17.249
16.996
16.968
16.968
17.024
16.716
16.407
16.463
16.463
16.323
16.183
16.211
16.239
16.015
15.959
15.790
15.734
15.594
15.538
15.370
15.594
15.454
14.893
14.949
14.949
14.668
14.837
14.444
14.556
14.472
14.444
14.164
13.939
14.023
13.939
13.799
13.771
13.855
13.715
13.939
13.715
13.743
13.715
13.715
13.715
13.855
14.220
14.472
14.809
14.668
14.164
14.949
15.959
16.632
16.772
16.996
17.305
17.445
17.697
17.866
18.651
18.679
18.343
18.118
17.838
17.585
17.277
16.828
16.043
16.351
15.734
15.314
16.015
16.548
16.435
16.996
17.109
17.557
17.305
16.968
17.193
17.445
17.109
17.109
16.604
16.379
16.295
15.622
15.117
14.725
14.668
15.594
16.688
17.080
16.856
16.407
16.463
16.099
16.183
16.239
15.903
16.435
16.099
15.846
15.678
15.454
15.706
15.482
15.314
15.342
15.145
15.033
14.781
14.472
14.668
14.472
14.528
14.388
14.108
14.276
14.192
14.276
14.136
14.276
14.136
13.939
14.108
14.051
14.023
13.995
13.883
13.771
13.743
13.743
13.771
13.687
13.827
13.715
13.575
13.771
13.603
13.406
13.547
13.042
12.677
12.705
11.639
11.415
11.639
11.808
11.752
11.864
11.976
12.060
12.481
12.986
13.575
13.743
14.248
14.276
14.276
14.108
14.360
14.360
14.164
14.051
14.136
13.995
14.332
14.360
14.725
14.781
15.089
15.257
14.865
15.398
15.370
15.285
15.089
15.678
15.454
15.566
15.201
15.117
15.314
15.229
15.117
14.753
16.015
17.109
16.996
16.912
16.912
16.996
16.632
16.351
16.323
16.351
16.239
16.127
16.071
16.127
16.211
15.706
15.706
15.650
15.650
15.734
15.510
15.314
15.538
15.566
15.482
15.257
15.257
15.229
15.229
15.145
15.201
15.342
15.314
15.257
15.173
15.089
15.145
15.314
15.285
15.061
14.977
14.725
14.781
14.865
14.921
15.089
15.089
15.173
15.005
15.089
15.061
13.967
13.434
12.761
12.593
12.649
12.649
12.677
13.014
13.322
13.210
13.462
13.294
13.462
13.603
13.659
13.490
13.687
13.743
13.547
13.098
13.266
13.014
12.958
12.958
12.845
12.733
12.705
12.621
12.284
12.621
12.481
12.789
13.070
12.845
12.873
12.930
12.705
12.986
12.873
12.733
12.733
12.902
13.126
14.220
15.454
15.931
15.987
16.183
16.604
16.996
16.716
16.491
15.454
15.846
15.622
15.903
16.099
15.706
15.903
15.678
15.762
15.650
15.874
16.015
15.846
15.762
15.762
15.510
15.285
15.229
15.145
14.696
14.725
14.556
14.640
14.360
14.248
14.192
13.939
14.388
14.332
14.416
14.164
14.248
14.079
14.108
13.995
13.995
13.883
14.051
14.164
14.051
14.220
14.668
15.229
17.641
19.100
22.634
25.747
27.205
29.561
31.721
33.852
35.844
37.190
37.723
38.789
39.322
41.117
41.201
41.453
41.958
41.621
41.285
41.481
40.808
39.826
38.059
37.807
36.797
37.106
38.087
39.434
41.088
42.799
43.080
43.052
43.052
42.771
41.986
41.537
40.612
40.135
39.798
39.490
38.003
35.535
33.516
32.254
30.964
30.431
29.954
28.720
28.019
26.476
26.252
26.308
25.018
24.204
23.279
23.223
22.606
22.578
21.989
22.493
22.409
21.259
20.727
20.306
19.296
18.595
18.146
17.922
17.557
16.856
16.800
16.632
16.267
16.183
16.127
15.650
15.903
15.482
15.257
15.426
15.145
15.229
15.201
15.229
15.285
15.033
15.061
14.949
14.977
15.005
15.173
15.229
15.061
15.285
15.650
16.127
17.557
19.072
23.026
24.877
26.560
28.327
29.561
31.020
32.955
33.768
33.937
34.974
35.984
36.180
36.741
37.330
37.274
36.797
37.106
36.685
35.199
34.806
34.385
33.600
33.179
33.151
34.077
34.918
36.377
36.292
35.255
35.760
35.872
36.236
35.984
35.788
36.292
35.479
34.133
33.628
33.039
32.170
31.020
29.365
27.963
28.187
29.028
28.664
26.644
26.644
25.747
25.607
25.130
24.457
25.074
24.260
23.924
23.868
23.195
22.942
22.269
21.820
21.484
20.698
19.745
19.296
18.735
18.567
18.567
18.174
18.315
17.782
17.361
16.688
16.351
16.351
15.959
15.931
15.734
15.566
15.370
15.370
15.285
15.173
15.229
15.089
15.033
15.257
15.089
15.173
15.201
15.173
15.117
15.818
16.351
16.744
17.641
19.184
22.185
24.120
26.869
28.608
30.150
31.721
33.712
34.133
34.778
34.862
35.675
36.853
37.639
38.564
38.340
38.705
38.256
37.442
36.685
35.647
35.086
35.255
34.610
33.965
33.909
35.283
36.853
37.162
36.994
37.498
37.667
38.144
37.807
38.144
37.555
37.134
36.208
36.292
34.806
33.067
31.777
30.431
29.645
28.916
27.738
28.355
28.047
27.374
27.233
27.458
26.448
25.971
26.252
26.112
25.466
25.551
25.410
24.681
24.485
23.784
23.054
21.933
21.287
20.530
19.773
19.997
19.717
19.549
18.819
18.146
18.034
17.557
17.221
17.080
16.520
16.491
16.351
16.351
16.323
16.239
16.155
16.155
16.015
15.959
15.931
15.874
15.931
16.043
15.987
15.959
16.043
15.931
16.632
17.137
18.483
19.969
22.662
24.373
27.878
29.730
31.104
32.562
34.526
35.788
36.489
37.414
37.358
37.611
38.929
38.452
38.087
37.807
38.228
38.620
37.302
37.078
36.321
35.844
35.143
35.255
34.918
35.283
36.405
37.246
37.583
37.134
36.853
36.405
36.405
35.872
35.619
35.760
35.199
36.040
33.852
32.983
32.562
31.328
30.375
29.169
29.113
30.431
29.169
28.495
28.411
28.608
28.411
27.542
26.616
25.719
25.831
25.551
25.270
24.513
24.513
24.485
23.251
22.690
21.820
21.119
20.979
20.306
19.997
19.717
19.212
18.904
18.427
18.202
17.978
18.034
17.585
17.641
17.249
17.024
16.968
16.884
16.772
16.576
16.576
16.688
16.604
16.520
16.576
16.660
16.744
16.744
16.688
16.856
17.417
17.445
18.791
19.801
22.241
24.232
27.065
29.393
31.525
33.852
35.591
37.218
38.228
39.350
39.434
41.117
42.883
43.164
43.108
42.743
42.827
42.799
41.734
40.163
37.975
37.022
36.152
35.956
36.208
36.797
37.919
38.676
38.340
37.779
36.966
37.022
36.797
36.545
35.816
35.423
35.171
34.582
33.235
32.618
31.440
29.561
29.253
28.103
28.355
28.215
26.701
26.560
26.757
26.644
25.466
25.270
24.120
24.064
24.176
23.643
22.886
22.325
21.989
21.372
20.755
19.689
19.352
18.539
18.315
18.623
18.455
18.230
17.866
17.557
17.333
16.800
16.856
16.435
16.491
16.127
16.239
15.903
15.790
15.510
15.790
15.594
15.566
15.370
15.482
15.314
15.285
15.173
15.370
15.061
15.285
15.117
15.678
15.762
16.211
15.874
15.342
14.781
14.865
14.837
15.005
15.734
15.874
16.183
16.323
17.193
17.221
17.137
17.249
17.221
17.193
17.165
16.660
17.137
17.305
16.884
15.622
15.201
15.089
15.987
16.183
15.706
15.874
16.716
16.463
16.323
16.071
15.846
15.874
16.071
16.520
16.379
15.818
16.015
15.510
15.426
15.398
15.257
16.099
16.267
17.978
19.184
19.464
19.240
19.184
19.016
19.100
18.567
18.791
19.044
18.511
18.875
18.763
18.679
18.146
18.174
18.399
17.950
17.417
17.389
17.333
17.080
17.165
16.940