0.286
0.278
0.276
0.277
0.274
0.271
0.273
0.269
0.267
0.267
0.263
0.265
0.264
0.260
0.257
0.254
0.256
0.255
0.254
0.253
0.258
0.254
0.256
0.257
0.259
0.271
0.273
0.267
0.281
0.338
0.385
0.461
0.541
0.622
0.684
0.735
0.763
0.797
0.829
0.842
0.861
0.864
0.863
0.887
0.890
0.881
0.871
0.853
0.828
0.781
0.772
0.771
0.779
0.797
0.818
0.861
0.895
0.909
0.923
0.926
0.921
0.905
0.879
0.860
0.851
0.829
0.801
0.744
0.700
0.647
0.587
0.525
0.492
0.460
0.437
0.417
0.422
0.419
0.409
0.398
0.396
0.388
0.378
0.371
0.352
0.339
0.338
0.333
0.324
0.314
0.299
0.282
0.272
0.261
0.262
0.259
