0.223
0.221
0.218
0.219
0.217
0.218
0.218
0.215
0.214
0.212
0.213
0.211
0.212
0.210
0.210
0.206
0.207
0.208
0.208
0.208
0.206
0.209
0.207
0.207
0.208
0.206
0.198
0.189
0.204
0.247
0.274
0.316
0.362
0.409
0.454
0.497
0.536
0.556
0.568
0.594
0.618
0.636
0.646
0.658
0.658
0.660
0.660
0.647
0.631
0.590
0.574
0.559
0.561
0.587
0.603
0.624
0.640
0.658
0.669
0.678
0.687
0.693
0.681
0.671
0.662
0.660
0.641
0.615
0.566
0.508
0.461
0.424
0.388
0.349
0.319
0.302
0.289
0.301
0.301
0.296
0.286
0.283
0.285
0.276
0.276
0.267
0.263
0.261
0.255
0.257
0.251
0.247
0.243
0.236
0.233
0.233
0.230
0.232
0.234
0.229
0.222
0.226
0.223
0.226
0.226
0.224
0.221
0.219
0.220
0.219
0.218
0.220
0.219
0.219
0.216
0.216
0.216
0.220
0.220
0.217
0.219
0.220
0.219
0.218
0.230
0.271
0.287
0.315
0.363
0.412
0.435
0.460
0.472
0.481
0.496
0.510
0.523
0.547
0.560
0.571
0.584
0.581
0.576
0.565
0.548
0.517
0.507
0.497
0.502
0.512
0.512
0.510
0.524
0.535
0.543
0.535
0.524
0.518
0.511
0.499
0.496
0.478
0.463
0.450
0.420
0.386
0.350
0.327
0.302
0.283
0.272
0.276
0.270
0.270
0.265
0.265
0.256
0.248
0.252
0.248
0.243
0.241
0.237
0.237
0.234
0.233
0.229
0.230
0.228
0.224
0.221
0.216
0.218
0.165
0.128
0.127
0.127
0.128
0.126
0.126
0.127
0.128
0.129
0.126
0.127
0.200
0.217
0.213
0.208
0.206
0.204
0.202
0.199
0.201
0.203
0.201
0.199
0.198
0.200
0.206
0.212
0.238
0.251
0.281
0.311
0.346
0.377
0.394
0.414
0.424
0.433
0.434
0.442
0.452
0.448
0.450
0.450
0.360
0.280
0.357
0.428
0.396
0.391
0.378
0.374
0.377
0.384
0.389
0.392
0.401
0.409
0.411
0.403
0.404
0.410
0.406
0.403
0.398
0.392
0.383
0.356
0.332
0.313
0.293
0.275
0.260
0.248
0.248
0.251
0.253
0.249
0.255
0.253
0.248
0.246
0.246
0.242
0.237
0.231
0.228
0.225
0.224
0.222
0.217
0.212
0.213
0.211
0.211
0.209
0.206
0.206
0.204
0.202
0.200
0.198
0.199
0.200
0.199
0.198
0.196
0.194
0.194
0.191
0.194
0.195
0.192
0.193
0.192
0.190
0.194
0.194
0.193
0.195
0.194
0.193
0.193
0.202
0.234
0.254
0.278
0.298
0.324
0.358
0.372
0.386
0.400
0.397
0.406
0.422
0.427
0.425
0.429
0.423
0.423
0.437
0.429
0.422
0.399
0.389
0.384
0.382
0.391
0.402
0.415
0.435
0.452
0.455
0.461
0.460
0.460
0.456
0.453
0.449
0.433
0.411
0.394
0.369
0.340
0.322
0.298
0.284
0.267
0.250
0.232
0.233
0.242
0.251
0.247
0.244
0.243
0.238
0.236
0.233
0.230
0.224
0.224
0.226
0.226
0.218
0.216
0.213
0.208
0.208
0.204
0.206
0.201
0.200
0.197
0.197
0.199
0.195
0.194
0.192
0.193
0.192
0.193
0.189
0.190
0.188
0.191
0.190
0.190
0.189
0.187
0.187
0.187
0.190
0.189
0.190
0.186
0.172
0.160
0.156
0.161
0.162
0.165
0.169
0.171
0.174
0.179
0.180
0.183
0.188
0.189
0.189
0.191
0.191
0.191
0.196
0.193
0.193
0.193
0.196
0.195
0.193
0.191
0.190
0.193
0.197
0.199
0.201
0.204
0.205
0.204
0.206
0.207
0.208
0.208
0.212
0.212
0.213
0.211
0.208
0.204
0.201
0.197
0.195
0.188
0.189
0.190
0.195
0.211
0.221
0.221
0.221
0.222
0.226
0.224
0.223
0.219
0.218
0.214
0.213
0.208
0.208
0.209
0.208
0.203
0.199
0.199
0.199
0.200
0.199
0.199
0.198
0.197
0.196
0.195
0.196
0.196
0.194
0.195
0.192
0.192
0.191
0.189
0.188
0.190
0.186
0.187
0.188
0.189
0.188
0.188
0.188
0.187
0.167
0.153
0.146
0.146
0.146
0.146
0.147
0.149
0.151
0.153
0.157
0.155
0.162
0.170
0.169
0.172
0.168
0.171
0.170
0.175
0.172
0.175
0.174
0.175
0.177
0.175
0.175
0.173
0.172
0.171
0.175
0.179
0.182
0.183
0.182
0.188
0.185
0.186
0.186
0.191
0.190
0.185
0.185
0.183
0.184
0.180
0.184
0.181
0.178
0.176
0.177
0.191
0.214
0.223
0.215
0.218
0.217
0.219
0.219
0.221
0.218
0.212
0.209
0.213
0.211
0.209
0.208
0.208
0.206
0.203
0.203
0.201
0.201
0.198
0.197
0.195
0.191
0.192
0.192
0.191
0.191
0.187
0.183
0.184
0.183
0.183
0.183
0.180
0.180
0.179
0.179
0.180
0.181
0.181
0.181
0.186
0.179
0.187
0.201
0.245
0.279
0.308
0.337
0.372
0.404
0.449
0.478
0.489
0.512
0.523
0.526
0.532
0.548
0.551
0.549
0.550
0.555
0.538
0.524
0.511
0.508
0.513
0.521
0.537
0.550
0.600
0.627
0.660
0.641
0.653
0.649
0.645
0.642
0.635
0.627
0.617
0.601
0.580
0.539
0.496
0.460
0.430
0.410
0.383
0.354
0.341
0.325
0.334
0.346
0.340
0.331
0.318
0.305
0.293
0.281
0.270
0.261
0.258
0.254
0.241
0.236
0.232
0.228
0.226
0.223
0.217
0.220
0.213
0.218
0.218
0.213
0.211
0.209
0.207
0.204
0.206
0.203
0.205
0.203
0.200
0.199
0.198
0.198
0.198
0.198
0.196
0.199
0.196
0.195
0.197
0.200
0.202
0.204
0.207
0.224
0.263
0.297
0.323
0.357
0.395
0.420
0.451
0.482
0.495
0.511
0.522
0.531
0.538
0.557
0.573
0.576
0.576
0.580
0.562
0.551
0.539
0.536
0.539
0.549
0.567
0.591
0.633
0.674
0.705
0.723
0.723
0.729
0.724
0.719
0.722
0.715
0.692
0.673
0.654
0.616
0.568
0.520
0.486
0.459
0.421
0.391
0.360
0.347
0.362
0.369
0.361
0.352
0.355
0.346
0.333
0.324
0.309
0.303
0.295
0.289
0.282
0.274
0.261
0.260
0.254
0.251
0.252
0.252
0.242
0.241
0.235
0.237
0.238
0.237
0.234
0.232
0.231
0.230
0.232
0.228
0.230
0.227
0.225
0.225
0.223
0.225
0.225
0.227
0.227
0.225
0.225
0.226
0.236
0.246
0.262
0.267
0.308
0.338
0.372
0.431
0.465
0.495
0.533
0.553
0.569
0.583
0.597
0.606
0.614
0.608
0.606
0.597
0.579
0.577
0.562
0.541
0.500
0.485
0.474
0.474
0.480
0.487
0.508
0.531
0.540
0.545
0.540
0.552
0.538
0.535
0.533
0.527
0.518
0.504
0.486
0.459
0.437
0.405
0.377
0.364
0.343
0.329
0.318
0.329
0.333
0.329
0.319
0.317
0.303
0.298
0.293
0.289
0.279
0.274
0.271
0.267
0.259
0.251
0.246
0.240
0.234
0.228
0.227
0.228
0.226
0.220
0.218
0.216
0.215
0.214
0.213
0.210
0.206
0.206
0.209
0.205
0.206
0.206
0.207
0.204
0.202
0.202
0.202
0.204
0.206
0.205
0.201
0.204
0.208
0.218
0.230
0.241
0.277
0.298
0.333
0.372
0.414
0.434
0.458
0.466
0.473
0.494
0.497
0.495
0.501
0.500
0.502
0.500
0.500
0.499
0.493
0.478
0.459
0.443
0.441
0.440
0.458
0.464
0.483
0.505
0.512
0.511
0.521
0.512
0.510
0.501
0.496
0.493
0.486
0.472
0.454
0.437
0.408
0.390
0.369
0.351
0.330
0.322
0.306
0.307
0.322
0.316
0.314
0.309
0.308
0.294
0.292
0.286
0.277
0.272
0.269
0.265
0.260
0.248
0.233
0.225
0.224
0.220
0.223
0.223
0.223
0.221
0.217
0.209
0.211
0.210
0.206
0.207
0.203
0.200
0.200
0.198
0.200
0.199
0.200
0.198
0.197
0.196
0.196
0.196
0.199
0.198
0.199
0.201
0.209
0.213
0.231
0.235
0.270
0.304
0.326
0.354
0.380
0.407
0.425
0.442
0.447
0.459
0.462
0.455
0.465
0.469
0.481
0.485
0.484
0.489
0.485
0.472
0.446
0.439
0.434
0.426
0.437
0.450
0.481
0.491
0.497
0.502
0.513
0.509
0.510
0.503
0.500
0.485
0.466
0.446
0.435
0.405
0.378
0.352
0.339
0.322
0.316
0.306
0.291
0.293
0.297
0.297
0.302
0.290
0.283
0.276
0.274
0.278
0.267
0.258
0.253
0.253
0.244
0.231
0.220
0.218
0.216
0.217
0.209
0.209
0.210
0.207
0.204
0.202
0.199
0.196
0.195
0.197
0.197
0.198
0.194
0.194
0.192
0.193
0.194
0.193
0.193
0.190
0.189
0.189
0.188
0.190
0.191
0.190
0.192
0.186
0.187
0.181
0.177
0.181
0.188
0.186
0.185
0.186
0.197
0.202
0.200
0.198
0.193
0.187
0.189
0.188
0.200
0.200
0.198
0.197
0.198
0.196
0.193
0.195
0.192
0.190
0.187
0.188
0.188
0.195
0.196
0.202
0.201
0.204
0.199
0.201
0.205
0.202
0.202
0.204
0.203
0.201
0.202
0.206
0.206
0.201
0.199
0.206
0.198
0.200
0.214
0.224
0.229
0.223
0.219
0.219
0.214
0.213
0.212
0.207
0.204
0.203
0.202
0.201
0.203
0.202
0.199
0.197
0.196
0.193
0.194
0.192
0.194
0.195
0.194
0.188
0.190
0.188
0.188
0.189
0.190
0.188
0.186
0.184
0.183
0.185
0.181
0.182
0.181
0.181
0.180
0.179
0.181
0.181
0.182
0.174
0.156
0.149
0.154
0.155
0.153
0.151
0.150
0.151
0.154
0.156
0.159
0.158
0.159
0.159
0.164
0.166
0.171
0.171
0.171
0.172
0.172
0.170
0.175
0.173
0.174
0.174
0.177
0.175
0.172
0.174
0.176
0.178
0.180
0.181
0.181
0.185
0.183
0.186
0.189
0.190
0.188
0.189
0.186
0.184
0.182
0.184
0.190
0.189
0.190
0.194
0.215
0.232
0.236
0.228
0.234
0.231
0.229
0.228
0.226
0.225
0.221
0.218
0.217
0.218
0.205
0.206
0.207
0.204
0.208
0.201
0.200
0.197
0.200
0.195
0.197
0.195
0.191
0.189
0.191
0.191
0.188
0.187
0.185
0.185
0.185
0.184
0.184
0.184
0.184
0.184
0.184
0.183
0.186
0.188
0.195
0.209
0.207
0.214
0.265
0.290
0.324
0.358
0.376
0.396
0.418
0.431
0.438
0.457
0.459
0.464
0.475
0.485
0.504
0.505
0.512
0.535
0.527
0.509
0.491
0.485
0.500
0.519
0.539
0.563
0.612
0.650
0.678
0.683
0.678
0.685
0.685
0.686
0.682
0.687
0.684
0.663
0.639
0.593
0.548
0.507
0.465
0.432
0.396
0.377
0.351
0.358
0.362
0.370
0.357
0.352
0.338
0.334
0.327
0.315
0.305
0.299
0.295
0.295
0.280
0.268
0.257
0.251
0.240
0.240
0.235
0.233
0.228
0.225
0.220
0.222
0.218
0.215
0.212
0.209
0.209
0.211
0.210
0.209
0.209
0.209
0.204
0.202
0.202
0.203
0.205
0.205
0.204
0.204
0.208
0.208
0.215
0.234
0.238
0.242
0.285
0.310
0.342
0.385
0.419
0.442
0.471
0.484
0.495
0.513
0.523
0.530
0.537
0.547
0.566
0.580
0.586
0.599
0.592
0.582
0.560
0.559
0.573
0.594
0.616
0.640
0.695
0.748
0.769
0.777
0.799
0.797
0.796
0.788
0.784
0.773
0.762
0.750
0.722
0.671
0.627
0.570
0.532
0.490
0.443
0.421
0.396
0.383
0.390
0.394
0.380
0.378
0.367
0.350
0.346
0.346
0.329
0.322
0.312
0.301
0.291
0.284
0.271
0.261
0.250
0.249
0.241
0.246
0.237
0.239
0.235
0.235
0.235
0.230
0.229
0.227
0.227
0.224
0.223
0.221
0.220
0.220
0.218
0.218
0.212
0.211
0.209
0.211
0.212
0.211
0.213
0.219
0.222
0.228
0.248
0.260
0.292
0.329
0.365
0.401
0.437
0.465
0.500
0.521
0.530
0.552
0.563
0.577
0.569
0.571
0.572
0.584
0.592
0.602
0.601
0.592
0.572
0.576
0.579
0.593
0.622
0.645
0.708
0.768
0.804
0.809
0.817
0.811
0.811
0.797
0.801
0.789
0.776
0.761
0.736
0.685
0.625
0.580
0.541
0.506
0.465
0.427
0.402
0.401
0.415
0.414
0.399
0.391
0.381
0.371
0.360
0.348
0.336
0.328
0.320
0.311
0.299
0.292
0.282
0.270
0.262
0.261
0.254
0.254
0.248
0.245
0.246
0.240
0.236
0.235
0.235
0.230
0.227
0.225
0.225
0.225
0.221
0.222
0.221
0.222
0.221
0.221
0.218
0.219
0.219
0.223
0.225
0.227
0.227
0.240
0.257
0.255
0.297
0.341
0.379
0.418
0.460
0.492
0.538
0.588
0.617
0.661
0.704
0.723
0.744
0.765
0.792
0.804
0.802
0.789
0.774
0.750
0.715
0.714
0.721
0.739
0.764
0.800
0.854
0.904
0.914
0.926
0.935
0.932
0.923
0.901
0.886
0.886
0.881
0.850
0.800
0.738
0.683
0.621
0.582
0.547
0.514
0.481
0.457
0.446
0.443
0.447
0.437
0.422
0.406
0.395
0.391
0.382
0.379
0.362
0.358
0.346
0.330
0.319
0.303
0.296
0.294
0.288
0.288
0.286
0.278
0.276
0.277
0.274
0.271
0.273
0.269
0.267
0.267
0.263
0.265
0.264
0.260
0.257
0.254
0.256
0.255
0.254
0.253
0.258
0.254
0.256
0.257
0.259
0.271
0.273
0.267
0.281
0.338
0.385
0.461
0.541
0.622
0.684
0.735
0.763
0.797
0.829
0.842
0.861
0.864
0.863
0.887
0.890
0.881
0.871
0.853
0.828
0.781
0.772
0.771
0.779
0.797
0.818
0.861
0.895
0.909
0.923
0.926
0.921
0.905
0.879
0.860
0.851
0.829
0.801
0.744
0.700
0.647
0.587
0.525
0.492
0.460
0.437
0.417
0.422
0.419
0.409
0.398
0.396
0.388
0.378
0.371
0.352
0.339
0.338
0.333
0.324
0.314
0.299
0.282
0.272
0.261
0.262
0.259
0.254
0.245
0.247
0.247
0.244
0.239
0.240
0.237
0.235
0.236
0.232
0.236
0.232
0.236
0.235
0.233
0.231
0.231
0.230
0.231
0.234
0.232
0.231
0.232
0.234
0.240
0.238
0.239
0.236
0.235
0.226
0.224
0.224
0.233
0.244
0.251
0.251
0.255
0.247
0.246
0.247
0.249
0.246
0.248
0.245
0.243
0.236
0.236
0.231
0.225
0.223
0.226
0.226
0.216
0.215
0.221
0.231
0.239
0.239
0.239
0.240
0.241
0.237
0.234
0.242
0.238
0.237
0.235
0.230
0.227
0.222
0.221
0.221
0.224
0.234
0.251
0.245
0.246
0.238
0.237
0.236
0.233
0.227
0.220
0.223
0.222
0.223
0.219
0.218
0.218
0.215
0.216
0.215
0.213
0.212
0.208
0.202
0.202
0.205
0.206
0.205
0.203
0.199
0.201
0.197
0.198
0.197
0.196
0.195
0.193
0.192
0.193
0.191
0.191
0.190
0.191
0.190
0.190
0.190
0.192
0.193
0.193
0.192
0.191
0.190
0.186
0.173
0.168
0.168
0.166
0.165
0.167
0.168
0.168
0.166
0.170
0.169
0.169
0.170
0.174
0.176
0.176
0.176
0.178
0.178
0.180
0.180
0.179
0.178
0.189
0.194
0.177
0.174
0.173
0.178
0.178
0.177
0.179
0.181
0.182
0.185
0.185
0.183
0.183
0.187
0.187
0.184
0.185
0.195
0.208
0.209
0.222
0.219
0.220
0.219
0.217
0.219
0.221
0.222
0.219
0.219
0.222
0.218
0.215
0.216
0.215
0.210
0.205
0.204
0.208
0.210
0.203
0.197
0.199
0.201
0.197
0.198
0.195
0.197
0.197
0.196
0.191
0.189
0.192
0.190
0.193
0.191
0.187
0.186
0.189
0.190
0.191
0.191
0.191
0.188
0.189
0.191
0.197
0.215
0.226
0.234
0.274
0.304
0.330
0.357
0.383
0.406
0.434
0.451
0.472
0.493
0.505
0.505
0.509
0.514
0.528
0.534
0.529
0.534
0.532
0.522
0.503
0.492
0.495
0.496
0.515
0.551
0.594
0.617
0.635
0.643
0.643
0.646
0.639
0.624
0.621
0.611
0.599
0.582
0.555
0.531
0.500
0.462
0.425
0.398
0.376
0.369
0.361
0.357
0.353
0.355
0.343
0.341
0.332
0.326
0.323
0.315
0.309
0.301
0.299
0.289
0.289
0.278
0.260
0.257
0.244
0.235
0.232
0.232
0.232
0.231
0.231
0.225
0.219
0.216
0.216
0.215
0.213
0.212
0.211
0.209
0.211
0.208
0.207
0.206
0.207
0.205
0.203
0.206
0.207
0.208
0.209
0.208
0.213
0.224
0.234
0.241
0.275
0.300
0.335
0.371
0.395
0.412
0.433
0.451
0.456
0.469
0.486
0.498
0.505
0.512
0.516
0.514
0.512
0.510
0.504
0.496
0.468
0.462
0.463
0.475
0.484
0.510
0.556
0.581
0.592
0.592
0.592
0.586
0.583
0.575
0.593
0.595
0.587
0.579
0.560
0.533
0.500
0.462
0.434
0.420
0.392
0.375
0.356
0.345
0.351
0.345
0.344
0.335
0.327
0.318
0.320
0.308
0.299
0.294
0.297
0.288
0.275
0.262
0.252
0.240
0.237
0.230
0.229
0.224
0.220
0.216
0.214
0.211
0.208
0.208
0.208
0.209
0.205
0.204
0.202
0.200
0.200
0.200
0.199
0.200
0.197
0.197
0.198
0.200
0.201
0.201
0.201
0.200
0.204
0.211
0.223
0.230
0.274
0.314
0.334
0.348
0.377
0.401
0.430
0.452
0.456
0.481
0.479
0.486
0.493
0.496
0.503
0.506
0.506
0.514
0.509
0.493
0.474
0.467
0.478
0.488
0.499
0.523
0.563
0.587
0.600
0.608
0.615
0.620
0.626
0.610
0.614
0.611
0.594
0.570
0.560
0.533
0.490
0.446
0.413
0.389
0.360
0.350
0.336
0.343
0.346
0.348
0.333
0.327
0.320
0.319
0.313
0.307
0.299
0.296
0.290
0.288
0.277
0.262
0.251
0.242
0.241
0.238
0.236
0.230
0.224
0.226
0.223
0.221
0.219
0.216
0.212
0.210
0.209
0.208
0.205
0.204
0.205
0.200
0.202
0.202
0.203
0.201
0.199
0.199
0.201
0.201
0.203
0.204
0.207
0.217
0.232
0.247
0.276
0.295
0.317
0.354
0.377
0.400
0.415
0.428
0.443
0.454
0.466
0.475
0.488
0.485
0.485
0.485
0.482
0.491
0.485
0.477
0.450
0.434
0.433
0.434
0.446
0.457
0.467
0.488
0.496
0.491
0.489
0.483
0.496
0.480
0.471
0.461
0.451
0.432
0.414
0.385
0.358
0.334
0.308
0.294
0.282
0.282
0.277
0.285
0.285
0.283
0.280
0.271
0.263
0.259
0.259
0.254
0.250
0.242
0.238
0.231
0.227
0.226
0.216
0.212
0.206
0.201
0.201
0.199
0.197
0.193
0.193
0.193
0.192
0.193
0.190
0.188
0.188
0.188
0.185
0.185
0.186
0.188
0.188
0.187
0.184
0.183
0.185
0.186
0.187
0.186
0.186
0.185
0.186
0.185
0.184
0.183
0.180
0.168
0.162
0.164
0.160
0.160
0.159
0.160
0.162
0.161
0.160
0.160
0.163
0.161
0.165
0.160
0.161
0.161
0.164
0.161
0.162
0.161
0.158
0.156
0.161
0.161
0.160
0.158
0.160
0.159
0.158
0.155
0.157
0.160
0.159
0.161
0.159
0.158
0.159
0.164
0.177
0.185
0.185
0.186
0.187
0.192
0.192
0.196
0.196
0.192
0.194
0.196
0.195
0.194
0.194
0.197
0.195
0.191
0.193
0.193
0.151
0.113
0.110
0.111
0.110
0.111
0.109
0.111
0.193
0.190
0.181
0.180
0.182
0.179
0.179
0.176
0.174
0.174
0.174
0.175
0.175
0.175
0.174
0.173
0.176
0.174
0.172
0.172
0.172
0.174
0.172
0.170
0.172
0.176
0.172
0.160
0.149
0.145
0.144
0.148
0.150
0.152
0.154
0.151
0.150
0.149
0.149
0.150
0.148
0.151
0.151
0.152
0.152
0.153
0.153
0.149
0.147
0.149
0.153
0.152
0.152
0.153
0.153
0.156
0.152
0.149
0.150
0.153
0.159
0.160
0.156
0.155
0.157
0.155
0.154
0.155
0.151
0.153
0.153
0.154
0.159
0.159
0.172
0.183
0.183
0.183
0.187
0.188
0.187
0.186
0.181
0.182
0.184
0.183
0.182
0.181
0.181
0.183
0.180
0.178
0.176
0.174
0.176
0.176
0.176
0.176
0.175
0.176
0.175
0.175
0.172
0.171
0.166
0.164
0.165
0.165
0.162
0.160
0.161
0.161
0.162
0.163
0.161
0.162
0.161
0.160
0.158
0.161
0.160
0.160
0.155
0.137
0.132
0.134
0.136
0.131
0.132
0.133
0.133
0.132
0.136
0.138
0.142
0.142
0.139
0.139
0.141
0.143
0.140
0.142
0.145
0.143
0.147
0.148
0.146
0.148
0.148
0.147
0.147
0.148
0.148
0.149
0.152
0.153
0.153
0.153
0.154
0.158
0.159
0.156
0.156
0.155
0.151
0.154
0.158
0.153
0.156
0.155
0.169
0.186
0.194
0.201
0.203
0.205
0.201
0.199
0.204
0.206
0.204
0.202
0.205
0.205
0.202
0.195
0.196
0.199
0.194
0.196
0.197
0.193
0.191
0.191
0.189
0.190
0.187
0.185
0.183
0.184
0.183
0.180
0.180
0.180
0.178
0.178
0.177
0.178
0.180
0.178
0.178
0.176
0.176
0.178
0.186
0.183
0.188
0.199
0.212
0.213
0.255
0.286
0.310
0.353
0.364
0.397
0.417
0.429
0.450
0.459
0.474
0.482
0.475
0.480
0.488
0.479
0.484
0.488
0.485
0.477
0.462
0.455
0.458
0.457
0.452
0.466
0.491
0.512
0.508
0.509
0.518
0.521
0.513
0.505
0.504
0.508
0.501
0.478
0.457
0.436
0.405
0.386
0.369
0.358
0.336
0.328
0.338
0.333
0.334
0.326
0.321
0.316
0.313
0.305
0.306
0.299
0.294
0.285
0.284
0.280
0.269
0.259
0.247
0.235
0.226
0.227
0.224
0.218
0.216
0.209
0.211
0.206
0.204
0.204
0.202
0.197
0.196
0.195
0.198
0.196
0.195
0.191
0.190
0.191
0.192
0.191
0.189
0.192
0.191
0.193
0.192
0.193
0.199
0.211
0.218
0.222
0.265
0.289
0.321
0.348
0.381
0.407
0.433
0.461
0.472
0.488
0.499
0.500
0.508
0.510
0.524
0.520
0.525
0.529
0.507
0.498
0.482
0.476
0.481
0.492
0.497
0.509
0.561
0.601
0.616
0.621
0.619
0.625
0.628
0.610
0.598
0.599
0.584
0.558
0.553
0.527
0.493
0.459
0.433
0.406
0.379
0.349
0.341
0.347
0.349
0.345
0.336
0.340
0.331
0.323
0.310
0.302
0.296
0.287
0.288
0.285
0.272
0.259
0.246
0.239
0.244
0.237
0.230
0.231
0.226
0.216
0.214
0.212
0.211
0.208
0.206
0.204
0.203
0.204
0.201
0.201
0.198
0.198
0.199
0.198
0.197
0.199
0.199
0.198
0.199
0.198
0.199
0.203
0.214
0.218
0.227
0.233
0.266
0.293
0.320
0.347
0.380
0.409
0.436
0.458
0.475
0.489
0.505
0.513
0.525
0.526
0.534
0.550
0.548
0.538
0.526
0.508
0.489
0.478
0.482
0.482
0.491
0.521
0.565
0.589
0.610
0.612
0.610
0.627
0.627
0.606
0.601
0.600
0.590
0.575
0.563
0.530
0.486
0.462
0.425
0.404
0.378
0.358
0.357
0.362
0.362
0.354
0.345
0.339
0.339
0.324
0.322
0.310
0.305
0.302
0.295
0.286
0.283
0.269
0.258
0.249
0.244
0.241
0.234
0.233
0.227
0.224
0.219
0.214
0.213
0.208
0.209
0.208
0.206
0.206
0.206
0.204
0.206
0.203
0.200
0.201
0.201
0.202
0.203
0.204
0.201
0.200
0.203
0.203
0.212
0.224
0.237
0.243
0.286
0.306
0.338
0.366
0.402
0.413
0.429
0.442
0.456
0.464
0.475
0.484
0.487
0.480
0.485
0.484
0.483
0.491
0.492
0.485
0.459
0.456
0.464
0.471
0.495
0.516
0.569
0.610
0.618
0.623
0.628
0.630
0.624
0.613
0.622
0.618
0.607
0.585
0.565
0.543
0.501
0.469
0.435
0.408
0.376
0.360
0.359
0.360
0.361
0.354
0.351
0.349
0.341
0.330
0.327
0.316
0.304
0.303
0.299
0.292
0.278
0.265
0.262
0.250
0.244
0.240
0.242
0.238
0.227
0.224
0.224
0.222
0.218
0.218
0.213
0.211
0.210
0.209
0.211
0.211
0.211
0.208
0.208
0.206
0.204
0.206
0.208
0.210
0.207
0.208
0.207
0.209
0.214
0.227
0.237
0.252
0.285
0.310
0.342
0.370
0.403
0.421
0.443
0.461
0.464
0.477
0.486
0.508
0.516
0.520
0.543
0.554
0.547
0.562
0.557
0.548
0.532
0.514
0.518
0.521
0.539
0.560
0.608
0.641
0.661
0.668
0.676
0.676
0.681
0.666
0.651
0.643
0.589
0.561
0.567
0.540
0.504
0.464
0.432
0.403
0.382
0.368
0.353
0.362
0.359
0.350
0.344
0.342
0.337
0.329
0.319
0.315
0.302
0.298
0.297
0.286
0.273
0.255
0.242
0.235
0.226
0.227
0.226
0.226
0.224
0.223
0.218
0.217
0.217
0.215
0.213
0.213
0.210
0.211
0.212
0.212
0.209
0.211
0.213
0.213
0.212
0.214
0.213
0.216
0.212
0.215
0.212
0.209
0.206
0.213
0.208
0.202
0.199
0.195
0.202
0.202
0.201
0.211
0.217
0.222
0.220
0.221
0.222
0.219
0.222
0.225
0.223
0.223
0.229
0.226
0.230
0.223
0.218
0.217
0.223
0.230
0.231
0.234
0.237
0.242
0.242
0.244
0.243
0.241
0.243
0.244
0.242
0.243
0.242
0.234
0.234
0.240
0.237
0.246
0.232
0.228
0.227
0.229
0.233
0.225
0.218
0.218
0.216
0.213
0.212
0.209
0.211
0.213
0.212
0.219
0.214
0.213
0.214
0.214
0.208
0.208
0.201
0.199
0.201
0.205
0.200
0.200
0.199
0.195
0.193
0.195
0.193
0.193
0.191
0.185
0.189
0.184
0.184
0.183
0.187
0.186
0.183
0.184
0.181
0.182
0.180
0.182
0.181
0.182
0.181
0.181
0.173
0.155
0.157
0.156
0.157
0.155
0.156
0.157
0.162
0.162
0.166
0.164
0.163
0.166
0.172
0.177
0.178
0.180
0.176
0.176
0.181
0.179
0.182
0.184
0.184
0.182
0.185
0.185
0.186
0.185
0.191
0.187
0.182
0.182
0.183
0.189
0.189
0.192
0.194
0.192
0.192
0.192
0.196
0.192
0.192
0.191
0.194
0.213
0.230
0.230
0.230
0.229
0.233
0.231
0.231
0.230
0.230
0.226
0.229
0.232
0.229
0.228
0.224
0.223
0.223
0.221
0.217
0.214
0.214
0.210
0.210
0.210
0.208
0.207
0.205
0.203
0.201
0.201
0.201
0.198
0.195
0.196
0.193
0.192
0.192
0.193
0.194
0.190
0.190
0.190
0.191
0.190
0.191
0.197
0.202
0.211
0.222
0.234
0.286
0.311
0.339
0.370
0.407
0.433
0.462
0.477
0.491
0.495
0.503
0.517
0.521
0.530
0.550
0.550
0.548
0.552
0.550
0.545
0.526
0.524
0.530
0.533
0.549
0.582
0.640
0.668
0.683
0.678
0.685
0.674
0.663
0.657
0.661
0.652
0.633
0.617
0.593
0.555
0.503
0.468
0.436
0.422
0.400
0.399
0.391
0.374
0.382
0.371
0.356
0.349
0.346
0.343
0.334
0.328
0.318
0.312
0.305
0.299
0.288
0.278
0.266
0.261
0.255
0.242
0.242
0.234
0.236
0.233
0.229
0.229
0.223
0.224
0.223
0.221
0.220
0.221
0.216
0.214
0.215
0.211
0.213
0.212
0.214
0.212
0.212
0.210
0.213
0.213
0.214
0.214
0.221
0.224
0.245
0.260
0.296
0.328
0.354
0.390
0.421
0.458
0.501
0.519
0.524
0.543
0.548
0.557
0.568
0.593
0.609
0.621
0.621
0.628
0.620
0.608
0.600
0.603
0.612
0.619
0.641
0.665
0.717
0.761
0.789
0.809
0.810
0.816
0.804
0.793
0.776
0.758
0.733
0.704
0.685
0.632
0.589
0.541
0.503
0.467
0.445
0.440
0.431
0.424
0.416
0.405
0.390
0.382
0.374
0.364
0.359
0.356
0.343
0.339
0.333
0.318
0.302
0.290
0.279
0.277
0.272
0.261
0.260
0.259
0.253
0.251
0.250
0.251
0.246
0.246
0.238
0.237
0.238
0.237
0.235
0.232
0.230
0.230
0.230
0.231
0.229
0.228
0.227
0.228
0.226
0.228
0.231
0.234
0.237
0.243
0.249
0.255
0.318
0.373
0.415
0.473
0.512
0.579
0.658
0.710
0.738
0.789
0.811
0.829
0.837
0.845
0.879
0.876
0.868
0.854
0.840
0.817
0.795
0.789
0.798
0.811
0.842
0.880
0.949
0.988
0.997
0.992
0.995
0.982
0.949
0.911
0.845
0.822
0.774
0.727
0.689
0.646
0.588
0.541
0.513
0.497
0.475
0.447
0.427
0.404
0.396
0.395
0.383
0.385
0.370
0.366
0.360
0.353
0.344
0.338
0.331
0.326
0.316
0.304
0.293
0.284
0.275
0.274
0.273
0.268
0.267
0.263
0.262
0.255
0.247
0.244
0.246
0.245
0.240
0.240
0.240
0.237
0.239
0.236
0.235
0.233
0.232
0.234
0.234
0.234
0.234
0.234
0.234
0.237
0.243
0.253
0.262
0.265
0.308
0.354
0.401
0.456
0.516
0.565
0.606
0.634
0.656
0.678
0.691
0.708
0.701
0.715
0.728
0.742
0.745
0.730
0.721
0.712
0.679
0.672
0.676
0.684
0.699
0.719
0.784
0.837
0.850
0.859
0.868
0.872
0.864
0.843
0.818
0.814
0.778
0.754
0.723
0.686
0.635
0.576
0.537
0.500
0.477
0.474
0.460
0.444
0.436
0.427
0.401
0.396
0.387
0.382
0.374
0.365
0.353
0.348
0.348
0.335
0.325
0.314
0.300
0.288
0.281
0.285
0.285
0.277
0.270
0.267
0.267
0.264
0.263
0.258
0.258
0.256
0.250
0.248
0.248
0.245
0.244
0.244
0.241
0.239
0.240
0.239
0.239
0.240
0.240
0.238
0.239
0.240
0.250
0.256
0.269
0.277
0.318
0.352
0.393
0.443
0.492
0.533
0.570
0.587
0.589
0.612
0.620
0.629
0.630
0.621
0.623
0.626
0.609
0.605
0.600
0.580
0.546
0.521
0.513
0.508
0.511
0.527
0.541
0.554
0.567
0.569
0.575
0.567
0.560
0.544
0.529
0.511
0.504
0.485
0.462
0.436
0.410
0.383
0.370
0.350
0.334
0.339
0.340
0.335
0.330
0.321
0.310
0.306
0.308
0.302
0.302
0.291
0.283
0.278
0.271
0.267
0.257
0.250
0.241
0.225
0.221
0.224
0.223
0.220
0.215
0.208
0.207
0.208
0.208
0.206
0.208
0.207
0.204
0.203
0.201
0.201
0.201
0.201
0.199
0.198
0.198
0.197
0.197
0.198
0.197
0.194
0.194
0.188
0.190
0.197
0.204
0.194
0.187
0.184
0.184
0.188
0.192
0.187
0.202
0.217
0.211
0.203
0.203
0.205
0.208
0.210
0.207
0.203
0.204
0.209
0.211
0.200
0.198
0.199
0.193
0.191
0.193
0.202
0.200
0.201
0.201
0.200
0.203
0.203
0.203
0.205
0.203
0.205
0.202
0.203
0.203
0.204
0.212
0.205
0.207
0.209
0.222
0.237
0.238
0.239
0.240
0.233
0.235
0.234
0.230
0.225
0.226
0.226
0.224
0.226
0.227
0.223
0.220
0.217
0.216
0.211
0.210
0.213
0.211
0.213
0.214
0.214
0.211
0.207
0.206
0.204
0.202
0.197
0.197
0.195
0.194
0.196
0.193
0.192
0.192
0.192
0.191
0.190
0.192
0.191
0.192
0.189
0.188
0.188
0.189
0.192
0.190
0.186
0.181
0.172
0.168
0.165
0.165
0.166
0.164
0.164
0.169
0.172
0.170
0.173
0.177
0.178
0.177
0.178
0.182
0.179
0.179
0.183
0.185
0.187
0.189
0.193
0.186
0.190
0.186
0.186
0.190
0.188
0.187
0.190
0.190
0.188
0.194
0.192
0.194
0.190
0.190
0.190
0.191
0.195
0.192
0.202
0.221
0.230
0.228
0.233
0.237
0.233
0.229
0.228
0.227
0.226
0.226
0.227
0.223
0.222
0.220
0.222
0.220
0.220
0.217
0.217
0.219
0.217
0.207
0.208
0.209
0.207
0.206
0.207
0.206
0.203
0.200
0.198
0.198
0.198
0.196
0.196
0.193
0.194
0.194
0.195
0.191
0.191
0.190
0.193
0.193
0.192
0.195
0.198
0.205
0.212
0.223
0.240
0.289
0.311
0.337
0.359
0.392
0.418
0.449
0.468
0.473
0.484
0.497
0.506
0.508
0.515
0.530
0.534
0.526
0.528
0.520
0.515
0.500
0.492
0.491
0.496
0.508
0.522
0.566
0.593
0.610
0.618
0.625
0.642
0.638
0.629
0.630
0.627
0.614
0.598
0.573
0.540
0.503
0.464
0.426
0.402
0.378
0.390
0.386
0.370
0.360
0.357
0.354
0.342
0.331
0.322
0.316
0.318
0.310
0.306
0.301
0.298
0.284
0.274
0.265
0.257
0.252
0.248
0.236
0.236
0.227
0.227
0.224
0.229
0.226
0.222
0.215
0.212
0.212
0.213
0.212
0.211
0.211
0.209
0.208
0.207
0.207
0.208
0.208
0.209
0.208
0.208
0.208
0.209
0.215
0.221
0.239
0.256
0.303
0.330
0.363
0.387
0.415
0.433
0.457
0.479
0.492
0.502
0.520
0.533
0.542
0.536
0.543
0.541
0.530
0.530
0.526
0.524
0.511
0.500
0.490
0.494
0.495
0.515
0.546
0.564
0.592
0.581
0.592
0.599
0.597
0.576
0.572
0.563
0.559
0.545
0.519
0.496
0.460
0.432
0.420
0.402
0.402
0.396
0.380
0.368
0.370
0.357
0.350
0.338
0.329
0.323
0.316
0.313
0.296
0.292
0.287
0.282
0.270
0.266
0.253
0.247
0.235
0.229
0.234
0.228
0.227
0.224
0.220
0.216
0.219
0.213
0.214
0.214
0.211
0.209
0.207
0.207
0.205
0.205
0.206
0.206
0.203
0.202
0.203
0.205
0.205
0.205
0.207
0.205
0.213
0.231
0.245
0.258
0.299
0.322
0.364
0.401
0.434
0.475
0.508
0.523
0.543
0.551
0.567
0.585
0.596
0.610
0.616
0.627
0.620
0.616
0.611
0.608
0.584
0.570
0.571
0.587
0.599
0.614
0.651
0.675
0.681
0.676
0.675
0.669
0.655
0.650
0.643
0.634
0.617
0.597
0.575
0.534
0.497
0.475
0.450
0.426
0.403
0.393
0.384
0.373
0.370
0.367
0.361
0.355
0.344
0.338
0.331
0.327
0.321
0.323
0.314
0.301
0.295
0.280
0.267
0.257
0.247
0.246
0.244
0.237
0.237
0.232
0.232
0.227
0.220
0.219
0.219
0.215
0.215
0.216
0.213
0.215
0.214
0.211
0.209
0.212
0.211
0.208
0.209
0.209
0.210
0.210
0.210
0.211
0.213
0.221
0.231
0.249
0.265
0.282
0.319
0.351
0.379
0.406
0.436
0.455
0.463
0.480
0.494
0.498
0.499
0.506
0.511
0.525
0.525
0.524
0.520
0.507
0.485
0.469
0.463
0.462
0.483
0.508
0.554
0.581
0.600
0.613
0.611
0.620
0.616
0.607
0.594
0.586
0.582
0.563
0.562
0.531
0.500
0.461
0.430
0.397
0.377
0.369
0.372
0.361
0.357
0.354
0.351
0.342
0.339
0.332
0.331
0.324
0.317
0.310
0.312
0.304
0.289
0.277
0.268
0.252
0.249
0.251
0.256
0.246
0.242
0.240
0.240
0.234
0.231
0.231
0.230
0.231
0.230
0.223
0.224
0.225
0.225
0.226
0.220
0.220
0.220
0.220
0.219
0.219
0.223
0.220
0.219
0.221
0.226
0.233
0.253
0.271
0.311
0.346
0.373
0.404
0.452
0.503
0.558
0.594
0.629
0.648
0.651
0.663
0.694
0.712
0.742
0.735
0.735
0.740
0.733
0.715
0.695
0.685
0.690
0.699
0.725
0.763
0.807
0.835
0.847
0.860
0.856
0.853
0.836
0.826
0.815
0.803
0.773
0.740
0.703
0.648
0.581
0.513
0.470
0.447
0.420
0.426
0.417
0.413
0.415
0.405
0.394
0.388
0.383
0.374
0.366
0.361
0.345
0.333
0.325
0.319
0.303
0.293
0.283
0.273
0.268
0.265
0.261
0.258
0.262
0.263
0.263
0.258
0.259
0.260
0.261
0.257
0.256
0.254
0.254
0.254
0.255
0.251
0.251
0.254
0.253
0.250
0.254
0.249
0.248
0.246
0.249
0.249
0.250
0.257
0.252
0.240
0.232
0.242
0.244
0.245
0.252
0.261
0.273
0.280
0.282
0.287
0.295
0.300
0.297
0.295
0.296
0.296
0.300
0.296
0.289
0.287
0.282
0.280
0.278
0.284
0.286
0.288
0.290
0.300
0.302
0.304
0.299
0.297
0.296
0.301
0.294
0.289
0.289
0.288
0.283
0.286
0.280
0.278
0.270
0.268
0.265
0.280
0.291
0.299
0.291
0.289
0.292
0.289
0.281
0.280
0.282
0.275
0.271
0.269
0.267
0.263
0.264
0.261
0.261
0.258
0.255
0.254
0.253
0.253
0.255
0.256
0.252
0.252
0.251
0.252
0.249
0.252
0.253
0.249
0.247
0.248
0.249
0.249
0.249
0.245
0.245
0.245
0.245
0.243
0.244
0.241
0.242
0.240
0.238
0.238
0.243
0.233
0.212
0.210
0.211
0.212
0.214
0.214
0.218
0.221
0.228
0.232
0.229
0.230
0.232
0.234
0.236
0.237
0.239
0.237
0.237
0.239
0.239
0.239
0.238
0.240
0.240
0.239
0.242
0.247
0.248
0.254
0.252
0.255
0.258
0.258
0.259
0.257
0.260
0.257
0.260
0.258
0.255
0.252
0.248
0.247
0.249
0.269
0.276
0.276
0.275
0.283
0.284
0.280
0.283
0.280
0.280
0.278
0.282
0.278
0.282
0.277
0.277
0.275
0.270
0.270
0.269
0.273
0.273
0.268
0.268
0.269
0.264
0.260
0.258
0.252
0.252
0.246
0.243
0.245
0.244
0.242
0.241
0.239
0.241
0.241
0.244
0.243
0.243
0.247
0.247
0.250
0.251
0.249
0.251
0.258
0.271
0.296
0.367
0.432
0.501
0.561
0.635
0.713
0.772
0.805
0.839
0.866
0.888
0.895
0.877
0.871
0.875
0.877
0.872
0.856
0.822
0.801
0.750
0.728
0.724
0.740
0.756
0.781
0.847
0.891
0.906
0.905
0.889
0.883
0.869
0.848
0.859
0.847
0.821
0.781
0.747
0.701
0.645
0.596
0.549
0.520
0.506
0.497
0.480
0.467
0.456
0.452
0.436
0.414
0.410
0.406
0.393
0.380
0.360
0.370
0.359
0.341
0.331
0.319
0.306
0.290
0.292
0.286
0.279
0.278
0.278
0.269
0.266
0.264
0.263
0.263
0.261
0.263
0.262
0.257
0.254
0.254
0.250
0.252
0.252
0.253
0.249
0.248
0.249
0.249
0.249
0.247
0.251
0.254
0.261
0.262
0.283
0.304
0.365
0.424
0.496
0.555
0.627
0.695
0.752
0.786
0.811
0.848
0.873
0.890
0.903
0.910
0.915
0.886
0.877
0.870
0.848
0.842
0.819
0.811
0.831
0.828
0.838
0.860
0.940
0.975
0.997
1.000
0.996
0.934
0.871
0.852
0.840
0.833
0.831
0.804
0.766
0.734
0.678
0.676
0.631
0.596
0.562
0.544
0.527
0.502
0.487
0.470
0.462
0.453
0.434
0.426
0.415
0.404
0.390
0.379
0.365
0.354
0.341
0.325
0.314
0.306
0.296
0.295
0.298
0.296
0.288
0.288
0.285
0.280
0.276
0.274
0.274
0.272
0.270
0.268
0.265
0.266
0.264
0.261
0.259
0.258
0.253
0.254
0.254
0.255
0.255
0.255
0.260
0.265
0.266
0.267
0.284
0.303
0.350
0.398
0.442
0.490
0.532
0.582
0.623
0.644
0.662
0.683
0.688
0.697
0.704
0.714
0.727
0.730
0.707
0.699
0.684
0.652
0.614
0.607
0.594
0.604
0.615
0.633
0.681
0.711
0.723
0.721
0.720
0.712
0.692
0.669
0.674
0.659
0.643
0.625
0.595
0.558
0.513
0.478
0.437
0.420
0.405
0.402
0.397
0.375
0.366
0.364
0.358
0.347
0.339
0.341
0.330
0.320
0.307
0.305
0.295
0.282
0.272
0.263
0.254
0.247
0.236
0.235
0.235
0.238
0.233
0.232
0.231
0.226
0.226
0.227
0.226
0.226
0.226
0.226
0.226
0.226
0.223
0.222
0.222
0.220
0.223
0.223
0.225
0.226
0.228
0.228
0.227
0.226
0.224
0.223
0.220
0.200
0.191
0.193
0.196
0.199
0.199
0.201
0.203
0.207
0.209
0.199
0.196
0.199
0.198
0.200
0.206
0.205
0.204
0.203
0.204
0.205
0.200
0.200
0.202
0.202
0.202
0.199
0.201
0.206
0.206
0.210
0.214
0.212
0.210
0.209
0.211
0.207
0.212
0.208
0.205
0.203
0.203
0.201
0.197
0.201
0.218
0.223
0.226
0.224
0.225
0.222
0.221
0.221
0.222
0.218
0.214
0.215
0.215
0.213
0.211
0.212
0.212
0.209
0.208
0.206
0.206
0.204
0.203
0.201
0.204
0.202
0.195
0.196
0.195
0.192
0.194
0.189
0.191
0.189
0.189
0.185
0.183
0.184
0.183
0.181
0.180
0.181
0.180
0.183
0.180
0.180
0.180
0.180
0.180
0.182
0.186
0.189
0.194
0.192
0.186
0.196
0.209
0.217
0.219
0.222
0.226
0.228
0.231
0.233
0.243
0.243
0.239
0.236
0.233
0.229
0.225
0.219
0.210
0.213
0.205
0.200
0.209
0.216
0.215
0.222
0.223
0.229
0.226
0.221
0.224
0.227
0.223
0.223
0.217
0.214
0.213
0.204
0.198
0.193
0.192
0.204
0.218
0.223
0.220
0.214
0.215
0.210
0.211
0.212
0.208
0.214
0.210
0.207
0.205
0.202
0.205
0.202
0.200
0.200
0.198
0.197
0.193
0.189
0.192
0.189
0.190
0.188
0.185
0.187
0.186
0.187
0.185
0.187
0.185
0.183
0.185
0.184
0.184
0.183
0.182
0.180
0.180
0.180
0.180
0.179
0.181
0.180
0.178
0.180
0.178
0.176
0.177
0.171
0.166
0.166
0.153
0.150
0.153
0.155
0.155
0.156
0.157
0.159
0.164
0.170
0.178
0.180
0.186
0.187
0.187
0.185
0.188
0.188
0.185
0.184
0.185
0.183
0.188
0.188
0.193
0.193
0.197
0.199
0.194
0.201
0.201
0.200
0.197
0.205
0.202
0.203
0.199
0.198
0.200
0.199
0.197
0.193
0.209
0.223
0.222
0.221
0.221
0.222
0.217
0.213
0.213
0.213
0.212
0.211
0.210
0.211
0.211
0.205
0.205
0.204
0.204
0.205
0.203
0.200
0.203
0.203
0.202
0.199
0.199
0.199
0.199
0.198
0.199
0.200
0.200
0.199
0.198
0.197
0.198
0.200
0.200
0.197
0.196
0.193
0.193
0.194
0.195
0.197
0.197
0.198
0.196
0.197
0.197
0.183
0.176
0.167
0.165
0.166
0.166
0.166
0.171
0.174
0.173
0.176
0.174
0.176
0.178
0.179
0.177
0.179
0.180
0.177
0.172
0.174
0.171
0.170
0.170
0.168
0.167
0.167
0.165
0.161
0.166
0.164
0.168
0.171
0.168
0.169
0.169
0.167
0.170
0.169
0.167
0.167
0.169
0.172
0.186
0.202
0.208
0.209
0.211
0.217
0.222
0.218
0.215
0.202
0.207
0.204
0.208
0.210
0.205
0.208
0.205
0.206
0.204
0.207
0.209
0.207
0.206
0.206
0.203
0.200
0.199
0.198
0.192
0.192
0.190
0.191
0.188
0.186
0.186
0.183
0.188
0.187
0.188
0.185
0.186
0.184
0.185
0.183
0.183
0.182
0.184
0.185
0.184
0.186
0.192
0.200
0.230
0.250
0.295
0.335
0.354
0.384
0.412
0.440
0.465
0.483
0.490
0.503
0.511
0.534
0.535
0.538
0.544
0.540
0.536
0.538
0.529
0.516
0.494
0.490
0.477
0.482
0.494
0.512
0.534
0.556
0.559
0.559
0.559
0.555
0.545
0.539
0.527
0.521
0.516
0.512
0.492
0.460
0.434
0.418
0.402
0.395
0.388
0.372
0.363
0.344
0.341
0.341
0.325
0.314
0.302
0.302
0.294
0.293
0.286
0.292
0.291
0.276
0.270
0.264
0.251
0.242
0.236
0.233
0.229
0.220
0.219
0.217
0.212
0.211
0.210
0.204
0.208
0.202
0.199
0.201
0.198
0.199
0.199
0.199
0.200
0.197
0.197
0.195
0.196
0.196
0.198
0.199
0.197
0.200
0.205
0.211
0.229
0.249
0.300
0.324
0.345
0.368
0.384
0.403
0.428
0.438
0.441
0.454
0.467
0.470
0.477
0.484
0.483
0.477
0.481
0.476
0.457
0.451
0.446
0.436
0.430
0.430
0.442
0.453
0.472
0.470
0.457
0.464
0.465
0.470
0.467
0.464
0.471
0.460
0.443
0.436
0.428
0.417
0.402
0.381
0.363
0.366
0.376
0.371
0.346
0.346
0.334
0.332
0.326
0.318
0.325
0.315
0.311
0.310
0.301
0.298
0.289
0.284
0.279
0.269
0.257
0.251
0.244
0.242
0.242
0.237
0.238
0.232
0.226
0.218
0.213
0.213
0.208
0.208
0.205
0.203
0.201
0.201
0.200
0.198
0.199
0.197
0.196
0.199
0.197
0.198
0.199
0.198
0.198
0.207
0.213
0.219
0.230
0.250
0.289
0.314
0.349
0.372
0.392
0.412
0.437
0.443
0.451
0.452
0.463
0.478
0.488
0.500
0.497
0.502
0.496
0.486
0.476
0.462
0.455
0.457
0.449
0.441
0.440
0.458
0.478
0.482
0.480
0.486
0.489
0.495
0.491
0.495
0.487
0.481
0.470
0.470
0.451
0.429
0.412
0.395
0.384
0.375
0.360
0.368
0.364
0.355
0.353
0.356
0.343
0.337
0.341
0.339
0.331
0.332
0.330
0.320
0.318
0.309
0.299
0.285
0.276
0.267
0.257
0.260
0.256
0.254
0.245
0.236
0.235
0.229
0.224
0.222
0.215
0.215
0.213
0.213
0.213
0.212
0.211
0.211
0.209
0.208
0.208
0.207
0.208
0.209
0.209
0.208
0.209
0.208
0.217
0.224
0.241
0.260
0.295
0.317
0.362
0.386
0.404
0.423
0.448
0.464
0.473
0.485
0.485
0.488
0.505
0.499
0.494
0.490
0.496
0.501
0.484
0.481
0.471
0.465
0.456
0.457
0.453
0.458
0.472
0.483
0.487
0.482
0.478
0.472
0.472
0.465
0.462
0.464
0.457
0.467
0.439
0.428
0.422
0.406
0.394
0.378
0.378
0.394
0.378
0.370
0.369
0.371
0.368
0.357
0.345
0.334
0.335
0.332
0.328
0.318
0.318
0.318
0.302
0.295
0.283
0.274
0.273
0.264
0.260
0.256
0.250
0.246
0.240
0.237
0.234
0.235
0.229
0.230
0.225
0.222
0.221
0.220
0.219
0.216
0.216
0.218
0.216
0.215
0.216
0.217
0.218
0.218
0.218
0.220
0.227
0.228
0.245
0.258
0.289
0.315
0.352
0.382
0.409
0.439
0.462
0.483
0.496
0.510
0.512
0.534
0.557
0.560
0.559
0.555
0.556
0.555
0.541
0.520
0.492
0.480
0.469
0.466
0.470
0.477
0.492
0.502
0.497
0.490
0.479
0.480
0.477
0.474
0.464
0.459
0.456
0.448
0.431
0.423
0.407
0.383
0.379
0.365
0.368
0.366
0.346
0.345
0.347
0.345
0.330
0.328
0.313
0.312
0.314
0.307
0.297
0.290
0.286
0.278
0.270
0.256
0.252
0.241
0.238
0.242
0.240
0.237
0.233
0.229
0.226
0.219
0.220
0.214
0.215
0.210
0.212
0.207
0.206
0.202
0.206
0.203
0.203
0.201
0.202
0.200
0.200
0.198
0.201
0.197
0.199
0.198
0.205
0.206
0.211
0.207
0.200
0.193
0.194
0.194
0.196
0.205
0.207
0.211
0.213
0.224
0.224
0.223
0.225
0.224
0.224
0.224
0.217
0.223
0.225
0.220
0.204
0.198
0.197
0.209
0.211
0.205
0.207
0.218
0.215
0.213
0.210
0.207
0.207
0.210
0.215
0.213
0.206
0.209
0.202
0.201
0.201
0.199
0.210
0.213
0.234
0.250
0.253
0.250
0.250
0.247
0.248
0.242
0.245
0.248
0.241
0.246
0.244
0.243
0.236
0.237
0.239
0.234
0.227
0.227
0.226
0.223
0.224
